0,12,0,1,24,0,0,1,0,0,1,0,25,0,0,1,0,1,0,0,1
0,10,0,0,19,0,0,1,0,0,1,0,24,0,0,1,0,1,0,0,1
0,9,0,0,16,0,0,1,0,0,1,0,23,0,0,1,0,1,0,0,1
0,11,0,1,21,0,0,1,0,0,1,0,24,0,0,1,0,1,0,0,1
0,12,0,1,25,0,0,1,0,0,1,0,25,0,0,1,0,1,0,0,1
0,8,0,0,16,0,0,1,0,0,1,0,23,0,0,1,0,1,0,0,1
0,9,0,0,17,0,0,1,0,0,1,0,23,0,0,1,0,1,0,0,1
0,9,0,0,18,0,0,1,0,0,1,0,23,0,0,1,0,1,0,0,1
0,8,0,0,14,0,0,1,0,0,1,0,22,0,0,1,0,1,0,0,1
0,13,0,1,28,0,0,1,0,0,1,0,27,0,0,1,0,1,0,0,1
0,10,0,1,20,0,0,1,0,0,1,0,24,0,0,1,0,1,0,0,1
0,11,0,1,22,0,0,1,0,0,1,0,25,0,0,1,0,1,0,0,1
0,7,0,0,13,0,0,1,0,0,1,0,22,0,0,1,0,1,0,0,1
0,10,0,1,21,0,0,1,0,0,1,0,24,0,0,1,0,1,0,0,1
0,13,0,1,27,0,0,1,0,0,1,0,26,0,0,1,0,1,0,0,1
0,13,0,1,28,0,0,1,0,0,1,0,26,0,0,1,0,1,0,0,1
0,12,0,1,25,0,0,1,0,0,1,0,26,0,0,1,0,1,0,0,1
0,13,0,1,29,0,0,1,0,0,1,0,27,0,0,1,0,1,0,0,1
0,18,0,0,5,0,0,1,0,0,1,0,19,0,0,1,0,1,0,0,0
0,11,0,1,23,0,0,1,0,0,1,0,25,0,0,1,0,1,0,0,1
0,8,0,0,15,0,0,1,0,0,1,0,23,0,0,1,0,1,0,0,1
0,8,0,0,15,0,0,1,0,0,1,0,22,0,0,1,0,1,0,0,1
0,10,0,1,20,0,0,1,0,0,1,0,24,0,0,1,0,1,0,1,1
0,13,0,1,26,0,0,1,0,0,1,0,26,0,0,1,0,1,0,0,1
0,12,0,1,26,0,0,1,0,0,1,0,26,0,0,1,0,1,0,0,1
0,10,0,1,19,0,0,1,0,0,1,0,24,0,0,1,0,1,0,0,1
0,8,0,0,13,0,0,1,0,0,1,0,22,0,0,1,0,1,0,0,1
0,13,0,1,24,0,0,1,0,0,1,0,25,0,0,1,0,1,0,0,1
0,13,0,1,24,0,0,1,0,0,1,0,26,0,0,1,0,1,0,0,1
0,13,1,1,24,0,0,1,0,0,1,0,26,0,0,1,0,1,0,0,1
0,13,1,1,24,0,0,1,0,0,1,0,26,0,1,1,0,1,0,0,1
0,13,0,1,24,0,0,1,0,0,1,0,26,0,1,1,0,1,0,0,1
0,13,0,1,24,0,0,1,0,0,1,0,26,0,1,1,1,1,0,0,1
0,13,0,1,25,0,0,1,0,0,1,0,26,0,1,1,1,1,0,0,1
0,13,0,1,25,0,0,1,0,0,1,0,26,0,0,1,1,1,0,0,1
0,13,0,0,25,0,0,1,0,0,1,0,26,0,0,1,1,1,0,0,1
0,13,0,0,25,1,0,1,0,0,1,0,26,0,0,1,1,1,0,0,1
0,13,0,0,25,1,0,1,0,0,1,0,26,1,0,1,1,1,0,0,1
0,13,0,0,25,0,0,1,0,0,1,0,26,1,0,1,1,1,0,0,1
0,13,0,0,25,0,0,1,0,0,1,0,25,1,0,1,1,1,0,0,1
1,13,0,0,25,0,0,1,0,0,1,0,25,1,0,1,1,1,0,0,1
1,13,0,0,25,0,0,1,0,0,1,1,25,1,0,1,1,1,0,0,1
1,13,0,1,25,0,0,1,0,0,1,1,25,1,0,1,1,1,0,0,1
1,13,0,1,25,0,0,1,0,0,1,0,25,1,0,1,1,1,0,0,1
1,13,0,1,25,0,1,1,0,0,1,0,25,1,0,1,1,1,0,0,1
1,13,0,1,26,0,1,1,0,0,1,0,25,1,0,1,1,1,0,0,1
0,13,0,1,25,0,1,1,0,0,1,0,25,1,0,1,1,1,0,0,1
0,13,0,1,25,0,1,1,0,0,1,0,25,0,0,1,1,1,0,0,1
0,13,0,1,25,0,0,1,0,0,1,0,25,0,0,1,1,1,0,0,1
0,13,1,1,25,0,0,1,0,0,1,0,25,0,0,1,1,1,0,0,1
0,13,1,1,25,0,0,2,0,0,1,0,25,0,0,1,1,1,0,0,1
0,13,1,1,25,0,0,3,0,0,1,0,25,0,0,1,1,1,0,0,1
0,13,1,1,25,0,0,3,0,0,1,0,25,0,0,1,1,1,0,1,1
0,13,1,1,25,0,0,3,0,0,1,0,25,0,0,1,1,1,1,1,1
0,13,1,1,25,0,0,3,0,0,1,0,26,0,0,1,1,1,1,1,1
0,13,1,1,25,0,0,3,0,0,1,0,26,0,0,2,1,1,1,1,1
0,13,1,1,25,0,0,3,0,0,1,0,26,1,0,2,1,1,1,1,1
0,13,1,1,25,0,0,3,0,0,1,0,26,1,0,3,1,1,1,1,1
0,13,1,1,25,0,0,3,0,0,1,0,26,1,0,3,1,2,1,1,1
0,13,1,1,26,0,0,3,0,0,1,0,26,1,0,3,1,2,1,1,1
0,13,1,1,26,0,0,3,0,0,1,0,26,1,0,3,0,2,1,1,1
0,13,1,1,26,0,0,4,0,0,1,0,26,1,0,3,0,2,1,1,1
0,13,1,1,26,0,0,4,0,0,1,0,25,1,0,3,0,2,1,1,1
0,13,1,1,26,0,0,4,0,0,1,0,25,2,0,3,0,2,1,1,1
0,13,2,1,26,0,0,4,0,0,1,0,25,2,0,3,0,2,1,1,1
0,13,2,0,26,0,0,4,0,0,1,0,25,2,0,3,0,2,1,1,1
0,13,2,0,26,0,0,4,0,0,1,0,24,2,0,3,0,2,1,1,1
0,13,2,0,26,0,0,4,0,0,1,0,24,2,0,2,0,2,1,1,1
0,13,1,0,26,0,0,4,0,0,1,0,24,2,0,2,0,2,1,1,1
0,13,1,0,25,0,0,4,0,0,1,0,24,2,0,2,0,2,1,1,1
0,13,1,0,25,0,0,4,0,0,1,0,23,2,0,2,0,2,1,1,1
0,12,1,0,25,0,0,4,0,0,1,0,23,2,0,2,0,2,1,1,1
0,12,1,0,25,0,1,4,0,0,1,0,23,2,0,2,0,2,1,1,1
0,12,1,0,25,0,1,4,0,0,1,0,23,1,0,2,0,2,1,1,1
0,12,1,0,25,0,1,4,0,0,1,0,23,1,0,2,0,2,1,0,1
0,11,1,0,25,0,1,4,0,0,1,0,23,1,0,2,0,2,1,0,1
0,11,0,0,25,0,1,4,0,0,1,0,23,1,0,2,0,2,1,0,1
0,11,0,0,25,0,1,4,0,0,1,0,23,0,0,2,0,2,1,0,1
0,11,0,0,25,0,1,4,0,0,1,1,23,0,0,2,0,2,1,0,1
0,10,0,0,25,0,1,4,0,0,1,1,23,0,0,2,0,2,1,0,1
0,10,0,0,25,0,1,4,0,0,1,1,22,0,0,2,0,2,1,0,1
0,10,0,0,25,1,1,4,0,0,1,1,22,0,0,2,0,2,1,0,1
0,11,0,0,25,1,1,4,0,0,1,1,22,0,0,2,0,2,1,0,1
0,11,0,1,25,1,1,4,0,0,1,1,22,0,0,2,0,2,1,0,1
0,11,0,1,25,0,1,4,0,0,1,1,22,0,0,2,0,2,1,0,1
0,10,0,1,25,0,1,4,0,0,1,1,22,0,0,2,0,2,1,0,1
0,10,0,1,25,0,1,4,0,0,1,1,22,0,0,2,0,1,1,0,1
0,10,0,1,25,0,1,4,0,0,1,2,22,0,0,2,0,1,1,0,1
0,10,0,1,25,0,0,4,0,0,1,2,22,0,0,2,0,1,1,0,1
0,10,0,1,25,1,0,4,0,0,1,2,22,0,0,2,0,1,1,0,1
0,10,0,1,25,1,0,3,0,0,1,2,22,0,0,2,0,1,1,0,1
0,10,0,1,25,1,0,3,0,0,1,2,22,0,0,2,0,1,1,1,1
0,10,0,1,25,1,0,3,0,0,1,2,22,0,0,1,0,1,1,1,1
1,10,0,1,25,1,0,3,0,0,1,2,22,0,0,1,0,1,1,1,1
1,9,0,1,25,1,0,3,0,0,1,2,22,0,0,1,0,1,1,1,1
1,9,0,0,25,1,0,3,0,0,1,2,22,0,0,1,0,1,1,1,1
1,9,0,1,25,1,0,3,0,0,2,2,22,0,0,1,0,1,1,1,1
1,9,0,1,25,1,0,3,0,0,2,2,22,0,0,1,0,2,1,1,1
1,9,0,1,24,1,0,3,0,0,2,2,22,0,0,1,0,2,1,1,1
1,9,0,0,24,1,0,3,0,0,2,2,22,0,0,1,0,2,1,1,1
1,9,0,1,24,1,0,3,0,0,2,1,22,0,0,1,0,2,1,1,1
1,9,0,1,24,1,0,3,0,0,2,1,21,0,0,1,0,2,1,1,1
1,9,0,1,24,1,0,4,0,0,2,1,21,0,0,1,0,2,1,1,1
1,9,0,1,24,0,0,4,0,0,2,1,21,0,0,1,0,2,1,1,1
1,9,0,1,24,0,0,4,0,0,2,1,21,0,0,1,0,2,0,1,1
1,9,0,1,24,0,0,4,0,0,1,1,21,0,0,1,0,2,0,1,1
1,9,0,1,24,0,0,4,0,0,1,1,21,0,0,1,0,1,0,1,1
1,9,0,1,24,0,0,4,0,0,1,1,20,0,0,1,0,1,0,1,1
1,8,0,1,24,0,0,4,0,0,1,1,20,0,0,1,0,1,0,1,1
1,8,0,1,23,0,0,4,0,0,1,1,20,0,0,1,0,1,0,1,1
1,8,0,0,23,0,0,4,0,0,1,1,20,0,0,1,0,1,0,1,1
1,8,0,0,23,0,0,4,0,0,1,1,19,0,0,1,0,1,0,1,1
1,8,0,0,23,0,0,4,0,0,1,1,19,0,0,1,0,1,1,1,1
1,8,0,0,23,0,0,4,0,0,1,1,19,1,0,1,0,1,1,1,1
1,8,0,0,23,0,0,4,0,0,1,1,19,2,0,1,0,1,1,1,1
1,8,0,1,23,0,0,4,0,0,1,1,19,2,0,1,0,1,1,1,1
1,8,0,1,22,0,0,4,0,0,1,1,19,2,0,1,0,1,1,1,1
1,8,0,1,22,0,0,3,0,0,1,1,19,2,0,1,0,1,1,1,1
1,8,0,1,22,0,0,2,0,0,1,1,19,2,0,1,0,1,1,1,1
1,8,0,1,22,0,1,2,0,0,1,1,19,2,0,1,0,1,1,1,1
1,8,0,1,22,0,1,2,0,0,1,1,20,2,0,1,0,1,1,1,1
1,8,0,0,22,0,1,2,0,0,1,1,20,2,0,1,0,1,1,1,1
1,8,0,0,22,0,1,1,0,0,1,1,20,2,0,1,0,1,1,1,1
1,8,0,1,22,0,1,1,0,0,1,1,20,2,0,1,0,1,1,1,1
1,8,0,1,22,0,1,1,0,0,1,1,20,2,1,1,0,1,1,1,1
1,8,0,1,22,0,1,1,0,0,1,0,20,2,1,1,0,1,1,1,1
1,8,0,1,22,0,1,1,0,0,2,0,20,2,1,1,0,1,1,1,1
1,8,0,1,22,0,1,1,0,0,2,0,19,2,1,1,0,1,1,1,1
1,8,0,1,22,0,1,1,0,0,2,0,19,2,1,1,0,2,1,1,1
1,8,0,1,23,0,1,1,0,0,2,0,19,2,1,1,0,2,1,1,1
1,8,0,1,23,0,0,1,0,0,2,0,19,2,1,1,0,2,1,1,1
1,7,0,1,23,0,0,1,0,0,2,0,19,2,1,1,0,2,1,1,1
1,6,0,1,23,0,0,1,0,0,2,0,19,2,1,1,0,2,1,1,1
1,6,1,1,23,0,0,1,0,0,2,0,19,2,1,1,0,2,1,1,1
1,6,1,1,23,0,0,1,0,0,2,0,19,2,0,1,0,2,1,1,1
1,6,1,1,23,0,0,1,0,0,2,0,19,1,0,1,0,2,1,1,1
1,6,1,1,23,0,0,1,0,0,2,0,19,1,0,2,0,2,1,1,1
1,6,1,1,23,0,0,1,0,0,2,0,19,1,0,2,0,2,0,1,1
1,6,1,1,23,0,0,1,0,0,2,0,19,1,0,3,0,2,0,1,1
1,6,1,1,22,0,0,1,0,0,2,0,19,1,0,2,0,2,0,1,1
1,6,1,2,22,0,0,1,0,0,2,0,19,1,0,2,0,2,0,1,1
1,7,1,2,22,0,0,1,0,0,2,0,19,1,0,2,0,2,0,1,1
1,7,1,2,22,0,0,1,0,0,2,0,19,1,0,2,0,2,0,0,1
1,7,1,2,22,1,0,1,0,0,2,0,19,1,0,2,0,2,0,0,1
1,7,0,2,22,1,0,1,0,0,2,0,19,1,0,2,0,2,0,0,1
1,7,0,2,22,1,0,1,0,0,2,0,19,1,0,2,0,2,0,1,1
1,7,0,2,22,1,0,1,0,0,2,0,19,0,0,2,0,2,0,1,1
1,7,0,2,22,1,1,1,0,0,2,0,19,0,0,2,0,2,0,1,1
1,7,0,2,22,1,1,2,0,0,2,0,19,0,0,2,0,2,0,1,1
1,7,1,2,22,1,1,2,0,0,2,0,19,0,0,2,0,2,0,1,1
1,6,1,2,22,1,1,2,0,0,2,0,19,0,0,2,0,2,0,1,1
0,6,1,2,22,1,1,2,0,0,2,0,19,0,0,2,0,2,0,1,1
0,6,1,2,22,1,1,2,0,0,2,1,19,0,0,2,0,2,0,1,1
0,6,1,2,22,1,1,2,0,0,2,1,19,0,0,2,0,2,0,0,1
1,6,1,2,22,1,1,2,0,0,2,1,19,0,0,2,0,2,0,0,1
1,6,1,2,22,1,1,3,0,0,2,1,19,0,0,2,0,2,0,0,1
1,6,1,2,22,1,1,3,0,0,2,1,19,1,0,2,0,2,0,0,1
1,6,1,2,22,1,1,3,0,0,2,1,19,2,0,2,0,2,0,0,1
1,6,1,2,22,1,1,3,0,0,2,1,19,2,0,2,1,2,0,0,1
1,6,0,2,22,1,1,3,0,0,2,1,19,2,0,2,1,2,0,0,1
1,7,0,2,22,1,1,3,0,0,2,1,19,2,0,2,1,2,0,0,1
0,7,0,2,22,1,1,3,0,0,2,1,19,2,0,2,1,2,0,0,1
0,7,0,2,22,1,1,3,0,0,2,2,19,2,0,2,1,2,0,0,1
0,7,0,2,22,1,1,3,0,0,2,2,19,2,0,2,1,2,1,0,1
0,7,0,2,22,1,1,3,0,0,2,1,19,2,0,2,1,2,1,0,1
0,7,0,2,22,1,1,3,0,0,2,1,20,2,0,2,1,2,1,0,1
1,7,0,2,22,1,1,3,0,0,2,1,20,2,0,2,1,2,1,0,1
1,7,0,2,22,1,1,3,0,0,2,1,20,2,0,2,1,1,1,0,1
1,7,1,2,22,1,1,3,0,0,2,1,20,2,0,2,1,1,1,0,1
1,7,1,2,22,1,1,3,0,0,2,1,20,2,0,2,1,2,1,0,1
1,7,1,2,22,1,1,3,0,0,2,2,20,2,0,2,1,2,1,0,1
0,7,1,2,22,1,1,3,0,0,2,2,20,2,0,2,1,2,1,0,1
0,7,1,3,22,1,1,3,0,0,2,2,20,2,0,2,1,2,1,0,1
0,7,1,3,22,1,1,3,0,0,2,2,20,2,0,2,1,2,0,0,1
0,7,1,3,22,1,1,3,0,0,2,2,20,1,0,2,1,2,0,0,1
0,7,1,3,22,2,1,3,0,0,2,2,20,1,0,2,1,2,0,0,1
0,7,1,3,22,2,1,3,0,0,2,2,20,1,0,2,1,2,0,1,1
0,7,1,3,22,2,1,3,0,0,2,2,20,1,0,2,1,1,0,1,1
0,7,1,3,22,2,1,3,0,0,2,2,19,1,0,2,1,2,0,1,1
1,7,1,3,22,2,1,3,0,0,2,2,19,1,0,2,1,2,0,1,1
1,7,1,3,22,2,1,3,0,0,2,2,19,1,0,2,0,2,0,1,1
1,7,1,3,22,1,1,3,0,0,2,2,19,1,0,2,0,2,0,1,1
1,7,1,3,22,2,1,4,0,0,2,2,19,1,0,2,0,2,0,1,1
1,7,1,3,23,1,1,3,0,0,2,2,20,1,1,2,0,2,0,1,1
1,7,1,3,23,1,1,3,0,0,2,2,20,1,1,2,0,2,1,1,1
1,7,1,4,23,1,1,3,0,0,2,2,20,1,1,2,0,2,1,1,1
1,7,1,5,23,1,1,3,0,0,2,2,20,1,1,2,0,2,1,1,1
1,7,1,5,23,1,1,3,0,0,2,2,20,1,1,2,1,2,1,1,1
1,7,1,5,23,2,1,3,0,0,2,2,20,1,1,2,1,2,1,1,1
1,7,1,5,23,2,1,4,0,0,2,2,20,1,1,2,1,2,1,1,1
1,7,1,5,23,2,0,4,0,0,2,2,20,1,1,2,1,2,1,1,1
1,7,1,5,23,2,0,4,0,0,2,2,20,0,1,2,1,2,1,1,1
1,7,2,5,23,2,0,4,0,0,2,2,20,0,1,2,1,2,1,1,1
1,7,2,5,23,2,1,4,0,0,2,2,20,0,1,2,1,2,1,1,1
1,7,2,5,23,2,1,4,0,0,1,2,20,0,1,2,1,2,1,1,1
1,7,2,6,23,2,1,4,0,0,1,2,20,0,1,2,1,2,1,1,1
1,7,2,6,23,2,1,4,0,0,1,1,20,0,1,2,1,2,1,1,1
1,7,2,6,23,2,1,4,0,0,1,1,20,1,1,2,1,2,1,1,1
0,7,2,6,23,2,1,4,0,0,1,1,20,1,1,2,1,2,1,1,1
1,7,2,6,22,2,1,4,0,0,1,1,20,1,1,2,1,2,1,1,1
1,7,2,6,22,2,1,4,0,0,1,1,20,1,1,2,2,2,1,1,1
1,7,2,6,22,2,1,4,0,0,1,1,20,1,2,2,2,2,1,1,1
1,7,2,6,22,2,1,4,0,0,1,1,20,1,2,2,2,1,1,1,1
1,7,2,6,22,2,1,4,0,0,1,1,20,1,2,3,2,1,1,1,1
1,7,2,6,22,2,1,4,0,0,1,0,20,1,2,3,2,1,1,1,1
1,7,2,6,22,2,1,4,0,0,1,0,20,1,2,3,2,1,0,1,1
1,7,2,6,22,2,1,4,0,0,1,1,20,1,2,3,2,1,0,1,1
1,7,2,6,22,2,1,4,0,0,1,1,20,1,2,2,2,1,0,1,1
1,7,2,6,22,2,1,4,0,0,1,1,21,1,2,2,2,1,0,1,1
1,6,2,6,22,2,1,4,0,0,1,1,21,1,2,2,2,1,0,1,1
1,6,2,6,22,2,1,4,0,0,1,1,21,1,2,2,3,1,0,1,1
1,6,2,6,22,2,1,4,0,0,1,1,20,1,2,2,3,1,0,1,1
1,6,2,6,22,2,1,4,0,0,1,1,20,1,2,2,3,2,0,1,1
1,6,2,6,22,2,1,4,0,0,1,1,20,1,2,2,3,2,1,1,1
1,6,2,6,22,2,1,4,0,0,1,1,20,1,2,2,2,2,1,1,1
1,6,2,6,21,2,1,4,0,0,1,1,20,1,2,2,2,2,1,1,1
1,6,2,6,20,2,1,4,0,0,1,1,20,1,2,2,2,2,1,1,1
1,6,2,6,20,2,1,4,0,0,1,1,20,1,2,1,2,2,1,1,1
1,6,2,6,20,2,1,4,0,0,1,1,20,0,2,1,2,2,1,1,1
1,6,2,7,20,2,1,4,0,0,1,1,20,0,2,1,2,2,1,1,1
1,6,2,7,20,2,2,4,0,0,1,1,20,0,2,1,2,2,1,1,1
1,6,2,7,21,2,1,4,0,0,1,1,20,0,2,1,2,2,1,1,1
1,6,2,7,21,3,1,4,0,0,1,1,20,0,2,1,2,2,1,1,1
1,6,2,7,21,3,1,4,0,0,1,1,20,0,1,1,2,2,1,1,1
1,6,2,7,21,3,1,4,0,0,1,0,20,0,1,1,2,2,1,1,1
1,7,2,7,21,3,1,4,0,0,1,0,20,0,1,1,2,2,1,1,1
1,7,2,7,22,3,1,4,0,0,1,0,20,0,1,1,2,2,1,1,1
1,7,2,7,22,3,1,4,0,0,1,0,21,0,1,1,2,2,1,1,1
1,7,2,6,22,3,1,4,0,0,1,0,21,0,1,1,2,2,1,1,1
1,7,2,6,22,3,1,4,0,0,1,0,21,0,1,1,2,1,1,1,1
1,7,2,6,22,3,1,4,0,0,1,0,21,0,2,1,2,1,1,1,1
1,7,2,5,22,3,1,4,0,0,1,0,21,0,2,1,2,1,1,1,1
1,7,1,5,22,3,1,4,0,0,1,0,21,0,2,1,2,1,1,1,1
1,7,1,5,22,3,1,4,0,0,1,0,21,0,2,1,2,1,1,0,1
1,7,1,5,22,3,1,4,0,0,1,0,22,0,2,1,2,1,1,0,1
1,7,1,5,22,3,2,4,0,0,1,0,22,0,2,1,2,1,1,0,1
1,7,1,5,22,3,2,4,0,0,1,0,21,0,2,1,2,1,1,0,1
1,7,1,5,21,3,2,4,0,0,1,0,21,0,2,1,2,1,1,0,1
1,7,1,5,21,3,2,3,0,0,1,0,21,0,2,1,2,1,1,0,1
1,7,1,6,21,3,2,3,0,0,1,0,21,0,2,1,2,1,1,0,1
1,7,1,6,20,3,2,3,0,0,1,0,21,0,2,1,2,1,1,0,1
0,7,1,6,20,3,2,3,0,0,1,0,21,0,2,1,2,1,1,0,1
0,8,1,6,20,3,2,3,0,0,1,0,21,0,2,1,2,1,1,0,1
0,8,1,6,20,3,2,3,0,0,1,0,21,0,2,1,2,1,0,0,1
0,8,1,5,20,3,2,3,0,0,1,0,21,0,2,1,2,1,0,0,1
0,8,0,5,20,3,2,3,0,0,1,0,21,0,2,1,2,1,0,0,1
0,8,0,5,20,2,2,3,0,0,1,0,21,0,2,1,2,1,0,0,1
0,8,1,5,20,2,2,3,0,0,1,0,21,0,2,1,2,1,0,0,1
0,9,1,5,20,2,2,3,0,0,1,0,21,0,2,1,2,1,0,0,1
0,9,1,5,20,2,2,3,0,0,1,0,21,0,2,1,3,1,0,0,1
0,9,1,5,20,2,2,4,0,0,1,0,21,0,2,1,3,1,0,0,1
0,9,1,5,20,2,2,4,0,0,1,0,21,0,2,2,3,1,0,0,1
0,9,1,5,20,2,1,4,0,0,1,0,21,0,2,2,3,1,0,0,1
0,9,1,5,20,2,1,4,0,0,1,0,22,0,2,2,3,1,0,0,1
0,9,1,5,20,2,1,4,0,0,1,0,22,1,2,2,3,1,0,0,1
0,9,1,5,20,2,0,4,0,0,1,0,22,1,2,2,3,1,0,0,1
0,9,1,5,20,2,0,4,0,0,1,0,22,1,2,3,3,1,0,0,1
0,9,2,5,20,2,0,4,0,0,1,0,22,1,2,3,3,1,0,0,1
0,10,1,5,20,2,0,4,0,0,1,0,22,1,2,2,3,1,0,0,1
0,10,1,5,21,2,0,4,0,0,1,0,22,1,2,2,3,1,0,0,1
0,11,1,5,21,2,0,4,0,0,1,0,22,1,2,2,3,1,0,0,1
0,11,1,5,21,2,0,4,0,0,1,0,22,1,2,2,3,1,0,1,1
0,11,1,5,21,2,0,3,0,0,1,0,22,1,2,2,3,1,0,1,1
0,11,1,5,21,2,0,3,0,0,1,0,22,2,2,2,3,1,0,1,1
0,11,1,5,21,2,0,3,0,0,1,0,22,2,2,2,3,2,0,1,1
1,11,1,5,21,2,0,3,0,0,1,0,22,2,2,2,3,2,0,1,1
1,11,1,5,21,2,0,4,0,0,1,0,22,2,2,2,3,2,0,1,1
1,11,1,5,21,2,0,4,0,0,1,0,23,2,2,2,3,2,0,1,1
1,11,1,5,21,2,0,4,0,0,1,1,23,2,2,2,3,2,0,1,1
1,10,1,5,21,2,0,4,0,0,1,1,23,2,2,2,3,2,0,1,1
1,10,1,5,21,2,0,4,0,0,1,2,23,2,2,2,3,2,0,1,1
1,10,1,5,20,2,0,4,0,0,1,2,23,2,2,2,3,2,0,1,1
1,10,1,6,20,2,0,4,0,0,1,2,23,2,2,2,3,2,0,1,1
1,10,1,6,20,2,0,4,0,0,1,2,23,2,2,2,3,2,1,1,1
1,10,1,6,20,2,0,4,0,0,1,2,23,2,1,2,3,2,1,1,1
1,11,1,6,20,2,0,4,0,0,1,2,23,2,1,2,3,2,1,1,1
1,11,1,6,20,2,0,3,0,0,1,2,23,2,1,2,3,2,1,1,1
1,11,1,6,20,2,0,3,0,0,1,2,24,2,1,2,3,2,1,1,1
1,11,1,6,20,2,0,3,0,0,2,2,24,2,1,2,3,2,1,1,1
1,11,1,6,20,2,0,3,0,0,2,2,24,2,0,2,3,2,1,1,1
1,11,1,7,20,2,0,3,0,0,2,2,24,2,0,2,3,2,1,1,1
1,11,1,7,20,2,0,3,0,0,2,1,24,2,0,2,3,2,1,1,1
1,11,1,7,20,2,0,3,0,0,2,1,24,2,0,2,3,2,0,1,1
1,11,1,7,21,2,0,3,0,0,2,1,24,2,0,2,3,2,0,1,1
1,11,1,6,21,2,0,3,0,0,2,1,24,2,0,2,3,2,0,1,1
1,11,1,6,21,2,0,3,0,0,2,1,24,2,0,2,2,2,0,1,1
1,11,1,6,21,2,0,3,0,0,2,1,24,2,0,2,1,2,0,1,1
1,11,1,6,21,2,0,2,0,0,2,1,24,2,0,2,1,2,0,1,1
1,11,1,6,21,1,0,2,0,0,2,1,24,2,0,2,1,2,0,1,1
1,11,1,6,21,1,0,2,0,0,2,2,24,2,0,2,1,2,0,1,1
1,11,1,6,21,0,0,2,0,0,2,2,24,2,0,2,1,2,0,1,1
1,11,1,6,21,0,0,2,0,0,2,2,24,2,0,2,2,2,0,1,1
1,11,1,6,21,0,0,2,0,0,2,2,24,2,0,3,2,2,0,1,1
1,11,0,8,21,1,2,2,0,0,2,1,23,2,0,1,1,1,1,1,1
1,11,0,8,21,1,2,1,0,0,2,1,23,2,0,1,1,1,1,1,1
1,12,0,8,21,1,2,1,0,0,2,1,23,2,0,1,1,1,1,1,1
1,12,0,8,21,1,2,1,0,0,2,1,23,2,0,1,2,1,1,1,1
1,12,0,8,21,1,2,1,0,0,2,1,22,2,0,1,2,1,1,1,1
1,12,0,8,21,1,1,1,0,0,2,1,22,2,0,1,2,1,1,1,1
1,12,0,8,21,1,1,1,0,0,2,1,22,1,0,1,2,1,1,1,1
1,12,0,8,21,1,1,1,0,0,2,1,22,1,0,2,2,1,1,1,1
1,12,0,8,21,1,1,1,0,0,2,0,22,1,0,2,2,1,1,1,1
1,12,0,8,21,1,1,1,0,0,2,0,22,1,0,2,2,2,1,1,1
1,12,0,8,22,1,1,1,0,0,2,0,22,1,0,2,2,1,1,1,1
1,13,0,8,22,1,1,1,0,0,2,0,22,1,0,2,2,1,1,1,1
1,13,0,8,22,1,1,2,0,0,2,0,22,1,0,2,2,1,1,1,1
1,13,0,8,22,1,1,2,0,0,2,0,22,1,0,1,2,1,1,1,1
1,13,0,8,22,1,1,2,0,0,2,0,21,1,0,1,2,1,1,1,1
1,13,0,8,22,0,1,2,0,0,2,0,22,1,0,1,2,1,1,1,1
1,13,0,8,22,0,1,2,0,0,2,0,22,0,0,1,2,1,1,1,1
1,13,0,8,22,0,1,2,0,0,2,0,22,0,0,1,2,1,0,1,1
1,13,0,8,22,0,1,2,0,0,2,0,22,0,0,1,2,1,0,0,1
1,13,0,8,22,0,1,3,0,0,2,0,22,0,0,1,2,1,0,0,1
1,13,0,8,21,0,1,3,0,0,2,0,22,0,0,1,2,1,0,0,1
1,7,2,8,25,0,1,1,0,0,4,2,25,1,1,3,3,2,1,1,-1
1,7,2,8,25,0,1,1,0,0,4,2,25,1,2,3,3,2,1,1,-1
0,10,0,0,19,0,0,1,0,0,1,0,24,0,0,2,0,1,0,0,1
0,10,0,0,19,0,0,1,0,0,1,0,24,0,0,3,0,1,0,0,1
1,10,0,0,19,0,0,1,0,0,1,0,24,0,0,3,0,1,0,0,1
0,10,0,0,19,0,0,1,0,0,1,1,24,0,0,3,0,1,0,0,1
0,10,0,0,19,0,0,1,0,0,1,1,25,0,0,3,0,1,0,0,1
0,10,1,0,19,0,0,1,0,0,1,1,25,0,0,3,0,1,0,0,1
0,9,1,0,19,0,0,1,0,0,1,1,25,0,0,3,0,1,0,0,1
0,9,1,0,19,0,0,1,0,0,1,1,25,1,0,3,0,1,0,0,1
1,9,1,0,19,0,0,1,0,0,1,1,25,1,0,3,0,1,0,0,1
1,9,1,0,19,0,0,1,0,0,1,1,25,1,0,3,1,1,0,0,1
1,9,1,0,19,0,0,1,0,0,1,1,25,0,0,3,1,1,0,0,1
1,9,1,1,19,0,0,1,0,0,1,1,25,0,0,3,1,1,0,0,1
1,9,1,1,19,0,0,1,0,0,1,1,25,0,0,4,1,1,0,0,1
1,9,1,1,19,0,0,1,0,0,2,1,25,0,0,4,1,1,0,0,1
0,9,1,1,19,0,0,1,0,0,2,1,25,0,0,4,1,1,0,0,1
0,7,1,1,17,0,4,2,0,0,3,2,24,0,2,3,0,2,1,0,-1
0,7,1,1,17,0,4,1,0,0,3,2,24,0,2,3,0,2,1,0,-1
0,7,1,1,17,0,4,1,0,0,3,2,24,0,2,4,0,2,1,0,-1
0,7,0,1,17,0,4,1,0,0,3,2,24,0,2,4,0,2,1,0,-1
0,7,0,1,17,0,4,1,0,0,3,2,24,0,2,4,0,1,1,0,-1
0,7,0,1,17,0,4,1,0,0,3,2,24,0,2,3,0,1,1,0,-1
0,7,0,1,17,0,4,1,0,0,4,2,24,0,2,3,0,1,1,0,-1
0,7,0,0,17,0,4,1,0,0,4,2,24,0,2,3,0,1,1,0,-1
1,7,0,0,17,0,4,1,0,0,4,2,24,0,2,3,0,1,1,0,-1
0,7,0,0,17,0,4,1,0,0,4,2,24,0,1,3,0,1,1,0,-1
0,8,0,0,17,0,4,1,0,0,4,2,24,0,1,3,0,1,1,0,-1
0,8,0,0,17,0,4,1,0,0,4,2,24,0,1,3,0,1,0,0,-1
0,8,0,0,18,0,4,1,0,0,4,2,24,0,1,3,0,1,0,0,-1
0,8,0,0,18,0,4,1,0,0,4,2,23,0,1,3,0,1,0,0,-1
0,8,0,0,18,0,3,1,0,0,4,2,23,0,1,3,0,1,0,0,-1
0,8,0,0,18,0,3,1,0,0,4,2,24,0,1,3,0,1,0,0,-1
0,8,0,0,18,0,3,1,0,0,4,2,24,0,1,4,0,1,0,0,-1
0,8,0,0,18,0,3,1,0,0,4,2,24,0,1,4,0,1,1,0,-1
0,8,0,0,17,0,3,1,0,0,4,2,24,0,1,4,0,1,1,0,-1
0,7,0,0,17,0,3,1,0,0,4,2,24,0,1,4,0,1,1,0,-1
0,7,0,0,17,0,3,1,0,0,4,2,24,0,1,4,1,1,1,0,-1
0,17,3,0,28,1,4,1,0,0,1,1,19,0,1,1,3,1,1,1,-1
0,17,3,0,28,1,4,1,0,0,2,1,19,0,1,1,3,1,1,1,-1
0,17,3,0,28,1,4,1,0,0,2,1,19,0,0,1,3,1,1,1,-1
0,17,3,1,29,1,4,1,0,2,2,1,19,0,0,1,3,1,1,1,-1
0,17,3,1,29,1,4,1,0,2,3,1,19,0,0,1,3,1,1,1,-1
1,12,2,0,37,2,0,2,0,0,2,0,21,0,1,4,0,2,0,1,1
1,12,2,0,37,2,0,2,0,0,2,0,21,0,1,4,0,1,0,1,1
1,12,2,0,37,2,0,1,0,0,2,0,21,0,1,4,0,1,0,1,1
1,12,2,0,37,2,0,1,0,0,1,0,21,0,1,4,0,1,0,1,1
1,12,2,0,37,2,0,1,0,0,2,0,21,0,1,4,0,1,0,0,1
1,12,2,0,37,2,0,1,0,0,1,0,21,0,1,4,0,1,0,0,1
1,12,2,0,37,1,0,1,0,0,1,0,21,0,1,4,0,1,0,0,1
1,12,1,0,37,1,0,1,0,0,1,0,21,0,1,4,0,1,0,0,1
1,12,1,0,37,1,0,1,0,0,1,0,21,0,0,4,0,1,0,0,1
1,13,1,0,37,1,0,1,0,0,1,0,21,0,0,4,0,1,0,0,1
1,13,1,0,37,1,0,1,0,0,2,0,21,0,0,4,0,1,0,0,1
1,13,1,0,37,1,0,1,0,0,2,1,21,0,0,4,0,1,0,0,1
1,13,1,0,37,2,0,1,0,0,2,1,21,0,0,4,0,1,0,0,1
1,13,1,0,37,2,0,1,0,0,2,2,21,0,0,4,0,1,0,0,1
1,13,1,0,37,2,0,1,0,0,1,2,21,0,0,4,0,1,0,0,1
0,13,0,1,38,2,0,1,0,0,2,2,23,2,0,2,2,1,1,1,1
0,13,0,1,38,2,0,1,0,0,1,2,23,2,0,2,2,1,1,1,1
0,13,0,1,38,2,0,1,0,0,1,2,23,2,0,1,2,1,1,1,1
0,13,0,1,38,2,0,1,0,0,1,2,23,2,0,1,1,1,1,1,1
0,13,0,1,38,2,0,1,0,0,1,1,23,2,0,1,2,1,1,1,1
0,13,0,1,38,2,0,1,0,0,1,1,23,2,0,1,2,1,0,1,1
0,13,0,1,38,2,0,1,0,0,2,1,23,2,0,1,2,1,0,1,1
0,13,0,1,38,2,0,1,0,0,2,2,23,2,0,1,2,1,0,1,1
0,12,0,1,38,2,0,1,0,0,2,2,23,2,0,1,2,1,0,1,1
0,12,0,1,38,2,0,1,0,0,2,2,23,2,0,2,2,1,0,1,1
0,13,0,1,38,2,0,1,0,0,2,2,23,2,0,2,2,1,0,1,1
0,13,0,2,38,2,0,1,0,0,2,2,23,2,0,2,2,1,0,1,1
0,13,0,2,38,2,0,1,0,0,2,2,23,2,0,2,3,1,0,1,1
0,12,0,2,38,2,0,1,0,0,2,2,23,2,0,2,3,1,0,1,1
0,11,0,2,38,2,0,1,0,0,2,2,23,2,0,2,3,1,0,1,1
0,10,0,2,38,2,0,1,0,0,2,2,23,2,0,2,3,1,0,1,1
0,10,0,2,38,2,0,1,0,0,1,2,23,2,0,2,3,1,0,1,1
0,10,0,2,38,2,0,1,0,0,1,2,23,2,0,2,2,1,0,1,1
0,10,0,2,38,2,0,1,0,0,2,2,23,2,0,2,2,1,0,1,1
1,10,0,2,38,2,0,1,0,0,2,2,23,2,0,2,2,1,0,1,1
1,10,0,2,39,2,0,1,0,0,2,2,23,2,0,2,2,1,0,1,1
1,10,0,2,39,2,0,1,0,0,2,2,24,2,0,2,2,1,0,1,1
1,10,0,2,39,2,0,1,0,0,2,2,24,2,0,2,3,1,0,1,1
1,10,0,3,39,2,0,1,0,0,2,2,24,2,0,2,3,1,0,1,1
1,10,0,3,39,3,0,1,0,0,2,2,24,2,0,2,3,1,0,1,1
1,10,0,3,38,3,0,1,0,0,2,2,24,2,0,2,3,1,0,1,1
1,10,0,3,38,3,0,1,0,0,2,2,24,2,0,3,3,1,0,1,1
1,10,0,3,37,3,0,1,0,0,2,2,24,2,0,3,3,1,0,1,1
1,10,0,4,37,3,0,1,0,0,2,2,24,2,0,3,3,1,0,1,1
1,10,0,4,37,3,0,1,0,0,2,2,24,2,0,3,3,2,0,1,1
1,10,0,3,37,3,0,1,0,0,2,2,24,2,0,3,3,2,0,1,1
1,10,0,3,37,3,0,1,0,0,2,2,24,2,0,4,3,2,0,1,1
1,10,0,3,36,3,0,1,0,0,2,2,24,2,0,4,3,2,0,1,1
1,9,0,3,36,3,0,1,0,0,2,2,24,2,0,4,3,2,0,1,1
1,9,0,3,36,3,0,1,0,0,2,2,24,2,0,3,3,2,0,1,1
1,8,0,3,36,3,0,1,0,0,2,2,24,2,0,3,3,2,0,1,1
1,9,0,3,35,3,0,1,0,0,2,2,24,2,0,3,3,2,0,1,1
0,9,0,3,35,3,0,1,0,0,2,2,24,2,0,3,3,2,0,1,1
0,9,0,3,35,3,0,1,0,0,1,2,24,2,0,3,3,2,0,1,1
0,9,0,3,34,3,0,1,0,0,1,2,24,2,0,3,3,2,0,1,1
0,9,0,3,34,3,0,1,0,0,1,2,24,2,0,2,3,2,0,1,1
0,9,0,3,33,3,0,1,0,0,1,2,24,2,0,3,3,2,0,1,1
0,9,0,3,33,3,0,1,0,0,1,2,24,2,0,3,2,2,0,1,1
0,8,0,3,33,3,0,1,0,0,1,2,24,2,0,3,2,2,0,1,1
0,8,0,3,33,4,0,1,0,0,1,2,24,2,0,3,2,2,0,1,1
0,8,0,3,33,4,0,1,0,0,1,2,24,2,1,3,2,2,0,1,1
0,8,0,2,33,4,0,1,0,0,1,2,24,2,1,3,2,2,0,1,1
0,8,0,2,33,3,0,1,0,0,1,2,24,2,1,3,2,2,0,1,1
0,8,0,2,33,3,0,1,0,0,1,2,24,2,1,3,2,2,1,1,1
0,8,0,2,33,3,0,1,0,0,1,2,25,2,1,3,2,2,1,1,1
0,8,0,2,33,4,0,1,0,0,1,2,25,2,1,3,2,2,1,1,1
0,8,0,2,33,4,0,1,0,0,1,2,26,2,1,3,2,2,1,1,1
0,8,0,2,33,4,0,1,0,0,1,2,26,2,2,3,2,2,1,1,1
0,8,0,2,33,4,0,1,0,0,1,2,26,2,2,3,2,2,1,0,1
0,8,0,2,33,4,0,1,0,0,1,2,26,1,2,3,2,2,1,0,1
0,8,0,2,33,4,0,1,0,0,2,2,26,1,2,3,2,2,1,0,1
0,8,0,2,33,4,0,1,0,0,2,2,26,2,2,3,2,2,1,0,1
0,8,0,2,33,3,0,1,0,0,2,2,26,2,2,3,2,2,1,0,1
0,8,0,2,33,3,0,1,0,0,2,2,26,2,2,3,1,2,1,0,1
0,8,0,2,33,3,0,1,0,0,1,2,26,2,2,3,1,2,1,0,1
0,8,0,2,33,3,0,1,0,0,1,2,26,2,2,4,1,2,1,0,1
0,9,0,2,33,3,0,1,0,0,1,2,26,2,2,4,1,2,1,0,1
0,10,0,2,33,3,0,1,0,0,1,2,26,2,2,4,1,2,1,0,1
0,10,0,2,33,3,0,1,0,0,1,2,26,2,2,4,2,2,1,0,1
0,11,0,2,33,3,0,1,0,0,1,2,26,2,2,4,2,2,1,0,1
0,10,0,2,33,3,1,1,0,0,1,2,26,2,2,4,2,2,1,0,1
0,10,0,2,33,3,1,1,0,0,1,2,25,2,2,4,2,2,1,0,1
0,10,0,2,33,3,1,1,0,0,1,2,25,2,2,4,2,2,0,0,1
0,10,0,2,33,3,1,1,0,0,1,2,25,2,2,4,2,1,0,0,1
0,10,0,2,33,3,1,1,0,0,2,2,25,2,2,4,2,1,0,0,1
0,9,0,2,33,3,1,1,0,0,2,2,25,2,2,4,2,1,0,0,1
0,8,0,2,33,3,1,1,0,0,2,2,25,2,2,4,2,1,0,0,1
0,8,0,2,33,3,1,1,0,0,2,2,25,2,2,4,2,1,0,1,1
0,8,0,2,33,3,1,1,0,0,1,2,25,2,2,4,2,1,0,1,1
0,8,0,2,33,3,1,1,0,0,1,2,25,2,1,4,2,1,0,1,1
0,7,0,2,33,3,1,1,0,0,1,2,25,2,1,4,2,1,0,1,1
0,7,0,2,33,3,1,1,0,0,1,2,25,2,2,4,2,1,0,1,1
0,7,0,2,32,3,1,1,0,0,1,2,25,2,2,4,2,1,0,1,1
0,7,0,2,32,3,1,1,0,0,1,2,24,2,2,4,2,1,0,1,1
0,7,0,1,32,3,1,1,0,0,1,2,25,2,2,4,2,1,0,1,1
0,6,0,1,32,3,1,1,0,0,1,2,25,2,2,4,2,1,0,1,1
0,6,0,1,32,3,1,1,0,0,1,2,26,2,2,4,2,1,0,1,1
0,6,1,1,32,3,1,1,0,0,1,2,26,2,2,4,2,1,0,1,1
0,6,1,1,32,3,0,1,0,0,1,2,26,2,2,4,2,1,0,1,1
0,6,1,1,33,3,0,1,0,0,1,2,26,2,2,4,2,1,0,1,1
0,6,1,1,33,3,0,1,0,0,1,2,26,2,2,4,1,1,0,1,1
0,6,1,0,33,3,0,1,0,0,1,2,26,2,2,4,1,1,0,1,1
0,5,1,0,33,3,0,1,0,0,1,2,26,2,2,4,1,1,0,1,1
0,5,1,0,33,3,0,1,0,0,1,1,26,2,2,4,1,1,0,1,1
0,5,1,0,33,3,0,1,0,0,2,1,26,2,2,4,1,1,0,1,1
0,5,1,0,33,2,0,1,0,0,2,1,26,2,2,4,1,1,0,1,1
0,5,1,0,33,2,0,1,0,0,2,1,26,2,2,4,1,1,1,1,1
0,5,1,0,33,2,0,1,0,0,2,0,26,2,2,4,1,1,1,1,1
0,4,1,0,33,2,0,1,0,0,2,0,26,2,2,4,1,1,1,1,1
0,4,1,0,33,2,0,1,0,0,2,1,26,2,2,4,1,1,1,1,1
0,4,1,0,33,1,0,1,0,0,2,1,26,2,2,4,1,1,1,1,1
0,5,1,0,33,1,0,1,0,0,2,1,26,2,2,4,1,1,1,1,1
0,5,1,0,33,1,0,2,0,0,2,1,26,2,2,4,1,1,1,1,1
0,5,1,0,33,1,0,2,0,0,2,1,26,2,2,3,1,1,1,1,1
0,5,1,0,32,1,0,2,0,0,2,1,26,2,2,3,1,1,1,1,1
0,5,1,0,32,1,0,2,0,0,2,2,26,2,2,3,1,1,1,1,1
0,5,1,0,32,1,1,2,0,0,2,2,26,2,2,3,1,1,1,1,1
0,5,1,0,33,1,1,2,0,0,2,2,26,2,2,3,1,1,1,1,1
0,5,2,0,33,1,1,2,0,0,2,2,26,2,2,3,1,1,1,1,1
0,5,2,0,33,1,1,2,0,0,2,2,26,2,2,3,2,1,1,1,1
0,5,2,1,33,1,1,2,0,0,2,2,26,2,2,3,2,1,1,1,1
0,5,2,1,33,1,2,2,0,0,2,2,26,2,2,3,2,1,1,1,1
0,5,2,1,33,1,2,2,0,0,2,2,26,2,2,3,1,1,1,1,1
0,5,2,1,33,1,2,2,0,0,2,2,26,2,2,4,1,1,1,1,1
0,5,2,1,33,1,2,2,0,0,2,2,26,2,2,4,0,1,1,1,1
0,5,2,1,33,1,2,2,0,0,1,2,26,2,2,4,1,1,1,1,1
0,5,2,2,33,1,2,2,0,0,1,2,26,2,2,4,1,1,1,1,1
0,5,2,2,33,1,2,1,0,0,1,2,26,2,2,4,1,1,1,1,1
0,5,2,2,33,1,2,1,0,0,1,2,27,2,2,4,1,1,1,1,1
0,6,2,2,33,1,2,1,0,0,1,2,27,2,2,4,1,1,1,1,1
0,7,2,2,33,1,2,1,0,0,1,2,27,2,2,4,1,1,1,1,1
0,7,2,2,33,1,2,1,0,0,1,2,27,1,2,4,1,1,1,1,1
0,7,2,2,33,1,2,1,0,0,1,2,27,1,1,4,1,1,1,1,1
0,7,2,2,33,1,2,1,0,0,1,2,27,1,1,4,0,1,1,1,1
0,7,2,2,33,0,2,1,0,0,1,2,27,1,1,4,0,1,1,1,1
0,7,2,2,34,0,2,1,0,0,1,2,27,1,1,4,0,1,1,1,1
0,7,2,2,34,0,2,1,0,0,1,2,28,1,1,4,0,1,1,1,1
0,7,2,1,34,0,2,1,0,0,1,2,27,1,1,4,0,1,1,1,1
0,6,2,1,34,0,2,1,0,0,1,2,27,1,1,4,0,1,1,1,1
0,6,2,1,34,0,2,1,0,0,2,2,27,1,1,4,0,1,1,1,1
1,6,2,1,34,0,2,1,0,0,2,2,27,1,1,4,0,1,1,1,1
1,6,2,1,34,0,2,1,0,0,1,2,27,1,1,4,0,1,1,1,1
1,6,2,1,34,0,2,2,0,0,1,2,27,1,1,4,0,1,1,1,1
1,6,2,1,34,0,2,2,0,0,1,2,27,1,0,4,0,1,1,1,1
1,6,2,1,34,0,2,2,0,0,1,2,28,1,0,4,0,1,1,1,1
1,6,2,1,34,0,2,2,0,0,1,2,28,1,0,4,1,1,1,1,1
1,6,2,1,34,0,2,2,0,0,1,2,28,1,0,4,1,2,1,1,1
1,6,2,1,34,0,2,2,0,0,1,2,27,1,0,4,1,2,1,1,1
1,6,2,1,34,0,2,2,0,0,1,2,27,1,0,4,2,2,1,1,1
1,6,2,1,34,0,2,2,0,0,1,2,27,2,0,4,2,2,1,1,1
1,6,2,1,34,0,2,1,0,0,1,2,27,2,0,4,2,2,1,1,1
1,6,2,1,34,0,2,1,0,0,2,2,27,2,0,4,2,2,1,1,1
1,6,2,0,34,0,2,1,0,0,2,2,27,2,0,4,2,2,1,1,1
1,6,2,0,34,1,2,1,0,0,2,2,27,2,0,4,2,2,1,1,1
1,6,2,0,34,1,2,1,0,0,2,2,27,2,0,4,3,2,1,1,1
1,6,2,0,34,1,2,2,0,0,2,2,27,2,0,4,3,2,1,1,1
1,5,0,1,35,2,2,3,0,0,1,1,27,0,0,3,3,2,1,0,1
1,5,0,0,35,2,2,3,0,0,1,1,27,0,0,3,3,2,1,0,1
1,5,0,0,35,2,2,3,0,0,1,1,28,0,0,3,3,2,1,0,1
1,5,0,0,35,2,2,3,0,0,1,1,28,1,0,3,3,2,1,0,1
1,5,0,0,35,2,2,3,0,0,1,1,28,1,0,3,3,2,0,0,1
1,5,0,0,36,2,2,3,0,0,1,1,28,1,0,3,3,2,0,0,1
1,5,0,0,36,2,2,3,0,0,1,1,28,1,0,3,3,2,0,1,1
1,5,0,0,36,2,2,3,0,0,1,1,28,1,0,4,3,2,0,1,1
1,5,0,0,35,2,2,3,0,0,1,1,28,1,0,4,3,2,0,1,1
1,5,0,0,35,2,2,3,0,0,1,1,28,0,0,4,3,2,0,1,1
0,5,0,0,35,2,2,3,0,0,1,1,28,0,0,4,3,2,0,1,1
0,5,0,0,35,2,2,3,0,0,1,1,28,0,0,4,3,1,0,1,1
0,5,0,0,35,2,2,3,0,0,1,1,28,1,0,4,3,1,0,1,1
0,5,0,0,35,2,2,3,0,0,1,0,28,1,0,4,3,1,0,1,1
0,5,0,0,35,2,2,3,0,0,1,0,29,1,0,4,3,1,0,1,1
0,5,0,0,35,2,2,3,0,0,1,0,28,2,0,4,3,1,0,1,1
0,9,0,0,16,0,0,2,0,0,1,0,23,0,0,1,0,1,0,0,1
0,9,0,0,16,0,0,2,0,0,2,0,23,0,0,1,0,1,0,0,1
0,9,0,0,16,0,0,2,0,0,2,1,23,0,0,1,0,1,0,0,1
0,9,0,0,16,1,0,2,0,0,2,1,23,0,0,1,0,1,0,0,1
0,9,0,0,16,1,0,2,0,0,2,1,23,0,0,1,0,1,1,0,1
0,9,0,0,16,1,0,2,0,0,2,1,23,0,1,1,0,1,1,0,1
0,9,0,0,16,1,0,2,0,0,2,1,23,0,1,1,0,1,0,0,1
0,10,0,0,16,1,0,2,0,0,2,1,23,0,1,1,0,1,0,0,1
0,10,0,0,17,1,0,2,0,0,2,1,23,0,1,1,0,1,0,0,1
0,10,0,0,17,1,0,2,0,0,1,1,23,0,1,1,0,1,0,0,1
0,10,0,0,17,1,0,2,0,0,1,1,23,1,1,1,0,1,0,0,1
0,10,0,0,17,1,0,1,0,0,1,1,23,1,1,1,0,1,0,0,1
0,10,0,0,17,2,0,1,0,0,1,1,23,1,1,1,0,1,0,0,1
1,10,0,0,17,2,0,1,0,0,1,1,23,1,1,1,0,1,0,0,1
1,11,0,0,17,2,0,1,0,0,1,1,23,1,1,1,0,1,0,0,1
1,11,0,0,17,2,0,1,0,0,1,0,23,1,1,1,0,1,0,0,1
1,11,0,0,17,2,1,1,0,0,1,0,23,1,1,1,0,1,0,0,1
1,11,0,0,17,2,1,1,0,0,1,0,23,1,1,1,1,1,0,0,1
1,11,0,0,17,2,1,1,0,0,1,0,23,1,0,1,1,1,0,0,1
1,11,0,0,17,2,1,1,0,0,1,0,23,1,0,2,1,1,0,0,1
1,11,0,0,17,2,1,1,0,0,1,0,23,1,0,2,0,1,0,0,1
1,11,0,0,17,2,1,1,0,0,1,0,23,1,0,1,0,1,0,0,1
1,11,0,0,17,2,1,1,0,0,1,0,23,2,0,1,0,1,0,0,1
1,11,0,0,17,2,1,1,0,0,2,0,23,1,0,1,0,1,0,0,1
1,11,0,0,17,2,1,1,0,0,2,0,24,1,0,1,0,1,0,0,1
1,11,0,0,17,1,1,1,0,0,2,0,24,1,0,1,0,1,0,0,1
1,11,0,1,17,1,1,1,0,0,2,0,24,1,0,1,0,1,0,0,1
1,11,0,1,17,1,1,1,0,0,2,0,24,1,1,1,0,1,0,0,1
0,10,1,0,15,2,1,1,0,0,4,0,25,0,2,4,2,1,1,0,-1
0,10,1,0,16,2,1,1,0,0,4,0,25,0,2,4,2,1,1,0,-1
0,10,1,0,16,2,1,1,0,0,4,0,25,0,2,4,2,2,1,0,-1
0,10,1,0,16,2,1,1,0,0,4,0,26,0,2,4,2,2,1,0,-1
0,10,1,0,16,2,2,1,0,0,4,0,26,0,2,4,2,2,1,0,-1
0,11,1,0,16,2,2,1,0,0,4,0,26,0,2,4,2,2,1,0,-1
0,11,1,0,16,2,2,1,0,0,4,0,27,0,2,4,2,2,1,0,-1
0,11,1,0,16,2,2,2,0,0,4,0,27,0,2,4,2,2,1,0,-1
0,12,1,0,16,2,2,2,0,0,4,0,27,0,2,4,2,2,1,0,-1
0,12,1,0,16,2,2,2,0,0,4,0,27,0,2,3,2,2,1,0,-1
0,12,1,0,17,2,2,2,0,0,4,0,27,0,2,3,2,2,1,0,-1
0,12,1,0,17,2,2,2,0,0,4,0,27,0,2,2,2,2,1,0,-1
0,12,1,0,17,2,2,2,0,0,4,0,27,0,2,1,2,2,1,0,-1
0,12,1,0,17,1,2,2,0,0,4,0,27,0,2,1,2,2,1,0,-1
0,12,1,0,17,0,2,2,0,0,4,0,27,0,2,1,2,2,1,0,-1
0,11,1,0,17,0,2,2,0,0,4,0,27,0,2,1,2,2,1,0,-1
1,11,1,0,17,0,2,2,0,0,4,0,27,0,2,1,2,2,1,0,-1
1,11,1,0,17,0,2,2,0,0,4,0,27,0,2,1,1,2,1,0,-1
0,11,1,0,17,0,2,2,0,0,4,0,27,0,2,1,1,2,1,0,-1
0,11,2,0,17,0,2,2,0,0,4,0,27,0,2,1,1,2,1,0,-1
0,11,2,0,17,0,2,2,0,0,4,0,27,0,2,1,2,2,1,0,-1
1,11,2,0,17,0,2,2,0,0,4,0,27,0,2,1,2,2,1,0,-1
1,11,2,0,18,0,2,2,0,0,4,0,27,0,2,1,2,2,1,0,-1
1,11,2,0,18,0,2,2,0,0,4,0,27,0,1,1,2,2,1,0,-1
1,10,2,0,18,0,2,2,0,0,4,0,27,0,1,1,2,2,1,0,-1
1,10,2,0,18,0,2,2,0,0,4,1,27,0,1,1,2,2,1,0,-1
1,9,2,0,18,0,2,2,0,0,4,1,27,0,1,1,2,2,1,0,-1
1,10,2,0,19,0,2,2,0,0,4,1,27,0,1,1,2,2,1,0,-1
1,10,2,0,19,0,2,2,0,0,4,1,27,0,1,2,2,2,1,0,-1
1,10,2,0,19,0,2,3,0,0,4,1,27,0,1,2,2,2,1,0,-1
1,10,2,0,19,0,2,3,0,0,4,1,26,0,1,2,2,2,1,0,-1
1,10,2,0,19,0,2,3,0,0,4,1,25,0,1,2,2,2,1,0,-1
1,10,2,0,18,0,2,3,0,0,4,1,25,0,1,2,2,2,1,0,-1
1,10,2,0,18,0,2,3,0,0,4,1,25,0,2,2,2,2,1,0,-1
1,10,2,0,18,1,2,3,0,0,4,1,25,0,2,2,2,2,1,0,-1
1,10,2,0,18,1,2,3,0,0,4,1,25,0,2,2,3,2,1,0,-1
1,10,2,0,18,1,2,3,0,0,4,1,25,0,2,2,3,1,1,0,-1
1,10,2,0,18,1,2,3,0,0,4,1,26,0,2,2,3,1,1,0,-1
1,10,2,0,18,1,2,3,0,0,4,1,26,1,2,2,3,1,1,0,-1
1,10,2,0,17,1,2,3,0,0,4,1,26,1,2,2,3,1,1,0,-1
1,10,2,0,17,1,2,3,0,0,4,1,26,1,2,3,3,1,1,0,-1
1,10,2,0,17,1,2,3,0,0,4,1,26,0,2,3,3,1,1,0,-1
1,11,2,0,17,1,2,3,0,0,4,1,26,0,2,3,3,1,1,0,-1
1,11,2,0,17,1,2,2,0,0,4,1,26,0,2,3,3,1,1,0,-1
1,11,2,0,17,1,2,2,0,0,4,1,26,0,1,3,3,1,1,0,-1
1,11,2,0,17,1,2,2,0,0,4,1,26,0,1,3,2,1,1,0,-1
1,11,2,0,17,1,2,2,0,0,4,1,26,0,1,3,1,1,1,0,-1
1,11,2,0,18,1,2,2,0,0,4,1,26,0,1,3,1,1,1,0,-1
1,10,2,0,18,1,2,2,0,0,4,1,26,0,1,3,1,1,1,0,-1
1,10,1,0,18,1,2,2,0,0,4,1,26,0,1,3,1,1,1,0,-1
1,10,1,0,18,0,2,2,0,0,4,1,26,0,1,3,1,1,1,0,-1
1,10,1,0,18,0,2,2,0,0,4,1,26,1,1,3,1,1,1,0,-1
1,10,1,0,18,0,2,2,0,0,4,1,26,1,2,3,1,1,1,0,-1
1,9,1,0,18,0,2,2,0,0,4,1,26,1,2,3,1,1,1,0,-1
1,9,1,0,18,0,2,2,0,0,4,0,26,1,2,3,1,1,1,0,-1
1,9,1,0,18,0,2,2,0,0,4,0,26,1,2,3,0,1,1,0,-1
1,9,1,0,18,0,2,2,0,0,4,0,26,1,2,3,0,1,0,0,-1
1,9,1,0,18,0,2,2,0,0,4,1,26,1,2,3,0,1,0,0,-1
1,8,1,0,18,0,2,2,0,0,4,1,26,1,2,3,0,1,0,0,-1
1,8,1,0,18,0,2,2,0,0,4,1,26,1,2,3,0,1,1,0,-1
1,8,1,0,18,0,2,2,0,0,4,1,25,1,2,3,0,1,1,0,-1
0,8,1,0,18,0,2,2,0,0,4,1,25,1,2,3,0,1,1,0,-1
0,8,1,0,18,0,2,1,0,0,4,1,25,1,2,3,0,1,1,0,-1
0,7,1,0,18,0,2,1,0,0,4,1,25,1,2,3,0,1,1,0,-1
0,7,1,0,18,0,3,1,0,0,4,1,25,1,2,3,0,1,1,0,-1
0,7,1,0,18,0,4,1,0,0,4,1,25,1,2,3,0,1,1,0,-1
0,7,1,0,19,0,4,1,0,0,4,1,25,1,2,3,0,1,1,0,-1
0,7,1,0,19,0,4,1,0,0,4,1,25,2,2,3,0,1,1,0,-1
0,7,1,0,19,0,4,1,0,0,4,1,25,2,2,4,0,1,1,0,-1
0,7,1,0,19,0,4,1,0,0,4,0,25,2,2,4,0,1,1,0,-1
0,8,1,0,19,0,4,1,0,0,4,0,25,2,2,4,0,1,1,0,-1
0,8,1,0,18,0,4,1,0,0,4,0,25,2,2,4,0,1,1,0,-1
0,8,0,0,18,0,4,1,0,0,4,0,25,2,2,4,0,1,1,0,-1
0,9,0,0,18,0,4,1,0,0,4,0,25,2,2,4,0,1,1,0,-1
0,9,0,1,18,0,4,1,0,0,4,0,25,2,2,4,0,1,1,0,-1
0,9,0,1,18,0,4,1,0,0,3,0,25,2,2,4,0,1,1,0,-1
0,9,0,1,18,0,4,1,0,0,3,0,24,2,2,4,0,1,1,0,-1
1,9,0,1,18,0,4,1,0,0,3,0,24,2,2,4,0,1,1,0,-1
1,9,0,1,18,0,4,1,0,0,4,0,24,2,2,4,0,1,1,0,-1
1,9,0,1,18,0,4,1,0,0,4,0,25,2,2,4,0,1,1,0,-1
1,9,0,1,18,0,4,1,0,0,4,0,24,2,2,3,0,1,1,0,-1
1,9,0,1,19,0,4,1,0,0,4,0,24,2,2,3,0,1,1,0,-1
0,9,0,1,19,0,4,1,0,0,4,0,24,2,2,3,0,1,1,0,-1
0,9,1,1,19,0,4,1,0,0,4,0,24,2,2,3,0,1,1,0,-1
0,9,1,1,19,0,4,1,0,0,3,0,24,2,2,3,0,1,1,0,-1
0,9,1,2,19,0,4,1,0,0,4,0,24,2,2,3,0,1,1,0,-1
0,9,1,2,19,0,4,1,0,0,4,1,24,2,2,3,0,1,1,0,-1
0,9,1,2,19,0,4,1,0,0,4,2,24,2,2,3,0,1,1,0,-1
0,9,1,2,19,0,4,1,0,0,4,2,24,2,2,3,0,1,0,0,-1
0,9,1,2,19,0,4,1,0,0,4,2,24,2,1,3,0,1,0,0,-1
0,10,1,2,19,0,4,1,0,0,4,2,24,2,1,3,0,1,0,0,-1
0,11,1,2,19,0,4,1,0,0,4,2,24,2,1,3,0,1,0,0,-1
0,11,1,2,19,1,4,1,0,0,4,2,24,2,1,3,0,1,0,0,-1
0,11,1,2,19,1,4,1,0,0,4,2,24,2,1,4,0,1,0,0,-1
0,11,1,2,19,1,4,1,0,0,4,2,24,2,1,4,0,1,0,1,-1
0,12,1,2,19,1,4,1,0,0,4,2,24,2,1,4,0,1,0,1,-1
0,12,1,2,19,1,4,1,0,0,4,2,24,2,1,4,0,1,0,0,-1
0,12,1,2,19,1,4,1,0,0,4,2,24,2,1,3,0,1,0,0,-1
0,12,1,2,19,1,4,1,0,0,3,2,24,2,1,3,0,1,0,0,-1
0,12,1,2,19,1,4,1,0,0,4,2,24,2,1,2,0,1,0,0,-1
0,12,1,2,19,1,4,1,0,0,4,2,25,2,1,3,0,1,0,0,-1
0,12,1,2,19,1,4,1,0,0,4,2,25,2,1,4,0,1,0,0,-1
0,12,1,2,19,1,4,1,0,0,3,2,25,2,1,4,0,1,0,0,-1
0,11,1,2,19,1,4,1,0,0,3,2,25,2,1,4,0,1,0,0,-1
0,11,1,2,19,1,4,1,0,0,3,2,25,2,1,4,0,1,0,1,-1
0,11,1,2,19,1,4,1,0,0,3,2,25,2,1,4,1,1,0,1,-1
0,11,1,2,19,1,4,1,0,0,3,2,25,2,1,4,1,2,0,1,-1
0,11,1,2,19,1,4,1,0,0,4,2,25,2,1,4,1,1,0,1,-1
0,11,1,2,19,2,4,1,0,0,4,2,25,2,1,4,1,1,0,1,-1
0,11,1,2,19,2,4,1,0,0,3,2,25,2,1,4,1,1,0,1,-1
1,11,1,2,19,2,4,1,0,0,3,2,25,2,1,4,1,1,0,1,-1
1,11,1,2,19,0,4,1,0,0,4,2,25,1,1,2,1,1,1,1,-1
1,10,1,2,19,0,4,1,0,0,4,2,25,1,1,2,1,1,1,1,-1
1,11,0,2,19,0,4,1,0,0,4,2,25,1,1,2,1,1,1,1,-1
1,11,0,2,19,0,4,1,0,0,4,2,25,1,1,2,0,1,1,1,-1
1,11,0,2,19,0,4,1,0,0,4,1,25,1,1,2,0,1,1,1,-1
1,11,0,2,19,0,4,1,0,0,4,2,26,1,1,2,0,1,1,1,-1
1,12,0,2,19,0,4,1,0,0,4,2,26,1,1,2,0,1,1,1,-1
0,12,0,2,19,0,4,1,0,0,4,2,26,1,1,2,0,1,1,1,-1
0,12,0,2,19,0,4,1,0,0,4,2,26,1,1,2,1,1,1,1,-1
0,12,0,2,19,0,4,1,0,0,4,2,26,2,1,2,1,1,1,1,-1
0,11,0,2,19,0,4,1,0,0,4,2,26,2,1,2,1,1,1,1,-1
0,11,0,2,20,0,4,1,0,0,4,2,26,2,1,2,1,1,1,1,-1
0,11,0,2,20,0,4,1,0,0,4,2,26,2,1,3,1,1,1,1,-1
0,11,0,2,20,0,4,1,0,0,4,1,26,2,1,3,1,1,1,1,-1
0,11,0,2,20,0,4,1,0,0,4,1,26,2,1,4,1,1,1,1,-1
0,11,0,2,20,0,4,1,0,0,3,1,26,2,1,4,1,1,1,1,-1
0,12,0,2,20,0,4,1,0,0,3,1,26,2,1,4,1,1,1,1,-1
0,12,0,2,20,0,4,1,0,0,3,1,26,2,0,4,1,1,1,1,-1
0,12,0,2,20,0,4,1,0,0,3,1,26,2,0,3,1,1,1,1,-1
1,12,0,2,20,0,4,1,0,0,3,1,26,2,0,3,1,1,1,1,-1
1,12,0,2,20,0,4,1,0,0,3,1,26,2,0,3,0,1,1,1,-1
1,13,0,2,20,0,4,1,0,0,3,1,26,2,0,3,0,1,1,1,-1
1,13,0,2,20,0,4,1,0,0,3,1,26,2,0,3,1,1,1,1,-1
1,13,0,2,20,0,4,1,0,0,3,1,26,2,0,3,1,1,1,0,-1
1,13,0,2,20,1,4,1,0,0,3,1,26,2,0,3,1,1,1,0,-1
1,13,1,2,20,1,4,1,0,0,3,1,26,2,0,3,1,1,1,0,-1
1,13,1,2,20,1,4,1,0,0,3,1,26,1,0,3,1,1,1,0,-1
1,13,1,2,20,1,4,1,0,0,3,1,26,0,0,3,1,1,1,0,-1
1,13,1,2,21,1,4,1,0,0,3,1,26,0,0,3,1,1,1,0,-1
1,13,1,2,21,1,4,1,0,0,3,1,26,0,0,3,2,1,1,0,-1
1,13,1,2,21,1,4,2,0,0,3,1,26,0,0,3,2,1,1,0,-1
1,13,1,2,21,1,4,2,0,0,3,1,26,0,0,2,2,1,1,0,-1
1,13,1,2,21,1,4,1,0,0,3,1,26,0,0,2,2,1,1,0,-1
1,13,1,2,20,1,4,1,0,0,3,1,26,0,0,2,2,1,1,0,-1
1,13,1,2,19,1,4,1,0,0,3,1,26,0,0,2,2,1,1,0,-1
1,13,1,2,18,1,4,1,0,0,3,1,26,0,0,2,2,1,1,0,-1
1,13,1,2,18,1,4,1,0,0,3,0,26,0,0,2,2,1,1,0,-1
1,13,1,2,18,1,4,1,0,0,3,0,26,0,0,1,2,1,1,0,-1
1,13,1,2,18,0,4,1,0,0,3,0,26,0,0,1,2,1,1,0,-1
0,13,1,2,18,0,4,1,0,0,3,0,26,0,0,1,2,1,1,0,-1
0,13,1,2,18,0,4,1,0,0,3,0,26,0,0,2,2,1,1,0,-1
0,13,1,2,18,0,4,1,0,0,3,0,25,0,0,2,2,1,1,0,-1
0,13,1,2,18,0,4,1,0,0,4,0,25,0,0,2,2,1,1,0,-1
0,13,1,2,18,0,4,1,0,0,4,0,26,0,0,2,2,1,1,0,-1
0,13,0,2,18,0,4,1,0,0,4,0,26,0,0,2,2,1,1,0,-1
0,13,0,2,18,0,4,1,0,0,4,0,26,0,0,2,3,1,1,0,-1
0,13,0,2,18,0,4,1,0,0,4,0,26,0,1,2,3,1,1,0,-1
1,13,0,2,18,0,4,1,0,0,4,0,26,0,1,2,3,1,1,0,-1
1,13,0,2,18,0,4,1,0,0,4,0,26,0,1,2,3,2,1,0,-1
1,13,0,2,18,0,4,1,0,0,4,0,26,0,1,2,3,2,0,0,-1
1,13,0,2,18,0,4,1,0,0,4,0,25,0,1,2,3,2,0,0,-1
1,13,0,2,18,0,4,1,0,0,3,0,25,0,1,2,3,2,0,0,-1
1,13,0,1,18,0,4,1,0,0,3,0,25,0,1,2,3,2,0,0,-1
1,13,0,1,18,0,4,1,0,0,3,0,25,0,1,2,3,2,1,0,-1
1,13,0,1,18,0,4,1,0,0,3,0,25,0,2,2,3,2,1,0,-1
1,13,0,1,18,0,4,1,0,0,3,0,25,0,2,3,3,2,1,0,-1
1,13,0,1,18,0,4,1,0,0,3,0,25,1,2,2,3,2,1,0,-1
1,13,0,1,18,0,4,1,0,0,3,0,25,1,2,2,2,2,1,0,-1
1,13,0,1,18,0,4,1,0,0,3,0,25,1,2,3,2,2,1,0,-1
1,13,0,0,18,0,4,1,0,0,3,0,25,1,2,3,2,2,1,0,-1
1,13,0,0,18,0,4,1,0,0,3,0,25,1,2,4,2,2,1,0,-1
1,13,0,0,18,0,4,1,0,0,3,0,25,0,2,4,2,2,1,0,-1
1,13,0,0,18,0,4,1,0,0,3,0,26,0,2,4,2,2,1,0,-1
1,13,0,0,18,0,4,1,0,0,3,1,26,0,2,4,2,2,1,0,-1
1,12,0,3,16,2,3,1,0,0,2,2,21,1,2,2,1,1,1,0,1
1,12,0,3,16,2,3,1,0,0,2,2,20,1,2,2,1,1,1,0,1
1,13,0,3,16,2,3,1,0,0,2,2,20,1,2,2,1,1,1,0,1
1,13,0,3,16,2,3,1,0,0,2,2,20,1,2,2,1,1,1,1,1
1,13,0,3,17,2,3,1,0,0,2,2,20,1,2,2,1,1,1,1,1
1,13,0,3,17,2,3,1,0,0,2,2,20,2,2,2,1,1,1,1,1
1,12,0,3,17,2,3,1,0,0,2,2,20,2,2,2,1,1,1,1,1
1,12,0,3,17,2,3,1,0,0,2,2,21,2,2,2,1,1,1,1,1
1,12,0,3,17,2,3,1,0,0,2,1,21,2,2,2,1,1,1,1,1
1,12,0,3,17,2,3,1,0,0,2,1,21,2,2,2,1,1,0,1,1
0,12,0,3,17,2,3,1,0,0,2,1,21,2,2,2,1,1,0,1,1
0,12,0,3,17,2,3,1,0,0,2,1,21,2,2,2,1,1,0,0,1
0,12,0,3,17,3,3,1,0,0,2,1,21,2,2,2,1,1,0,0,1
0,12,0,2,17,3,3,1,0,0,2,1,21,2,2,2,1,1,0,0,1
0,12,0,2,16,3,3,1,0,0,2,1,21,2,2,2,1,1,0,0,1
0,12,0,2,16,3,3,1,0,0,1,1,21,2,2,2,1,1,0,0,1
0,11,0,2,16,3,3,1,0,0,1,1,21,2,2,2,1,1,0,0,1
0,11,0,2,16,3,3,1,0,0,1,1,21,2,2,1,1,1,0,0,1
0,11,0,2,15,3,3,1,0,0,1,1,21,2,2,1,1,1,0,0,1
0,11,0,2,15,3,3,1,0,0,1,2,21,2,2,1,1,1,0,0,1
0,11,0,2,15,3,3,1,0,0,1,2,21,2,2,1,2,1,0,0,1
0,11,0,2,15,4,3,1,0,0,1,2,21,2,2,1,2,1,0,0,1
0,9,0,0,13,2,1,3,0,0,2,2,21,0,0,2,1,1,1,1,1
0,8,0,0,13,2,1,3,0,0,2,2,21,0,0,2,1,1,1,1,1
0,8,0,0,13,2,1,3,0,0,1,2,21,0,0,2,1,1,1,1,1
0,8,0,0,13,1,1,3,0,0,1,2,21,0,0,2,1,1,1,1,1
0,7,0,0,13,1,1,3,0,0,1,2,21,0,0,2,1,1,1,1,1
0,7,0,0,13,1,1,3,0,0,1,2,21,0,0,3,1,1,1,1,1
0,7,0,0,13,1,1,3,0,0,2,2,21,0,0,3,1,1,1,1,1
0,8,0,0,13,1,1,3,0,0,2,2,21,0,0,3,1,1,1,1,1
1,8,0,0,13,1,1,3,0,0,2,2,21,0,0,3,1,1,1,1,1
1,8,0,0,13,1,1,4,0,0,2,2,21,0,0,3,1,1,1,1,1
1,8,0,0,13,1,1,4,0,0,2,2,21,0,0,4,1,1,1,1,1
1,8,0,0,13,1,1,4,0,0,2,2,22,0,0,4,1,1,1,1,1
0,8,0,0,13,1,1,4,0,0,2,2,21,0,0,4,1,1,1,1,1
1,8,0,0,13,1,1,4,0,0,2,2,20,0,0,4,1,1,1,1,1
1,8,0,0,13,1,1,4,0,0,2,2,20,0,0,4,1,1,1,0,1
1,8,0,0,13,1,1,4,0,0,2,1,20,0,0,4,1,1,1,0,1
1,8,0,0,13,1,1,4,0,0,2,1,20,0,0,4,1,1,1,1,1
1,8,0,0,14,1,1,4,0,0,2,1,20,0,0,4,1,1,1,1,1
1,8,0,0,15,1,1,4,0,0,2,1,20,0,0,4,1,1,1,1,1
0,8,0,0,15,1,1,4,0,0,2,1,20,0,0,4,1,1,1,1,1
0,8,0,0,15,1,1,4,0,0,2,1,20,0,0,4,2,1,1,1,1
1,8,0,0,15,1,1,4,0,0,2,1,20,0,0,4,2,1,1,1,1
1,9,0,0,15,1,1,4,0,0,2,1,20,0,0,4,2,1,1,1,1
1,9,0,0,15,1,1,4,0,0,2,1,20,0,0,3,2,1,1,1,1
1,9,0,0,15,1,1,4,0,0,2,1,20,0,0,2,2,1,1,1,1
1,9,0,1,15,1,1,4,0,0,2,1,20,0,0,2,2,1,1,1,1
1,8,0,1,15,1,1,4,0,0,2,1,20,0,0,2,2,1,1,1,1
1,8,0,1,15,1,1,4,0,0,2,1,20,0,0,3,2,1,1,1,1
1,8,0,1,15,1,1,4,0,0,2,1,20,0,0,3,2,2,1,1,1
1,8,0,1,15,1,1,4,0,0,2,1,20,0,0,2,2,2,1,1,1
1,8,0,1,15,1,1,4,0,0,2,1,19,0,0,2,2,2,1,1,1
1,8,0,1,15,1,1,4,0,0,1,1,19,0,0,2,2,2,1,1,1
1,8,0,1,15,1,1,4,0,0,1,1,19,0,0,2,1,2,1,1,1
1,8,0,1,15,1,1,4,0,0,2,1,19,0,0,2,1,2,1,1,1
1,8,0,1,15,1,1,4,0,0,1,1,19,0,1,2,1,2,1,1,1
1,8,0,1,15,1,1,4,0,0,2,1,19,0,1,2,1,2,1,1,1
1,8,0,1,15,1,2,4,0,0,2,1,19,0,1,2,1,2,1,1,1
1,8,0,1,15,1,2,4,0,0,2,1,19,0,1,3,1,2,1,1,1
1,8,0,1,15,1,2,4,0,0,1,1,19,0,1,3,1,2,1,1,1
1,8,0,1,15,1,2,4,0,0,1,1,19,0,1,4,1,2,1,1,1
0,8,0,1,15,1,2,4,0,0,1,1,19,0,1,4,1,2,1,1,1
0,8,0,1,15,1,2,4,0,0,1,1,19,0,1,4,0,2,1,1,1
0,8,0,1,15,1,2,4,0,0,2,1,19,0,1,4,0,2,1,1,1
0,9,0,1,15,1,2,4,0,0,2,1,19,0,1,4,0,2,1,1,1
0,9,0,1,15,1,2,4,0,0,2,1,19,0,0,4,0,2,1,1,1
1,9,0,1,15,1,2,4,0,0,2,1,19,0,0,4,0,2,1,1,1
1,9,0,1,15,1,2,4,0,0,2,1,19,0,0,4,0,1,1,1,1
1,9,0,1,15,1,2,4,0,0,2,1,19,0,0,3,0,1,1,1,1
1,9,0,1,16,1,2,4,0,0,2,1,19,0,0,3,0,1,1,1,1
1,9,0,1,16,1,2,4,0,0,2,0,19,0,0,3,0,1,1,1,1
1,9,0,0,16,1,2,4,0,0,2,0,19,0,0,3,0,1,1,1,1
1,9,0,0,16,1,2,4,0,0,2,0,19,0,0,3,1,1,1,1,1
1,9,0,0,16,1,2,4,0,0,2,0,19,0,0,3,1,2,1,1,1
1,9,0,0,16,1,2,4,0,0,2,1,19,0,0,3,1,2,1,1,1
1,9,0,0,16,1,2,4,0,0,2,1,19,0,0,3,2,2,1,1,1
1,9,0,0,16,1,2,4,0,0,2,1,19,0,1,3,2,2,1,1,1
1,9,0,0,16,1,2,4,0,0,2,1,19,0,1,2,2,2,1,1,1
1,9,0,0,16,1,2,4,0,0,2,1,19,1,1,2,2,2,1,1,1
1,9,0,0,16,1,2,4,0,0,2,1,19,1,2,2,2,2,1,1,1
1,9,0,0,16,1,2,4,0,0,2,1,19,1,2,2,2,1,1,1,1
1,9,0,0,16,1,2,4,0,0,2,1,19,1,2,2,3,1,1,1,1
1,9,0,0,16,1,2,4,0,0,2,1,19,1,2,1,3,1,1,1,1
1,9,0,0,16,2,2,4,0,0,2,1,19,1,2,1,3,1,1,1,1
1,9,0,0,16,2,2,4,0,0,2,1,19,2,2,1,3,1,1,1,1
1,9,0,0,16,2,2,4,0,0,2,1,19,2,2,2,3,1,1,1,1
1,9,0,0,16,2,2,4,0,0,2,1,19,2,2,3,3,1,1,1,1
1,9,0,0,16,2,2,4,0,0,2,1,19,1,2,3,3,1,1,1,1
1,9,0,0,16,2,2,4,0,0,2,1,19,0,2,3,3,1,1,1,1
1,9,0,0,16,2,2,4,0,0,2,1,19,0,2,3,3,2,1,1,1
1,10,0,0,16,2,2,4,0,0,2,1,19,0,2,3,3,2,1,1,1
1,10,0,0,16,2,2,4,0,0,2,1,19,0,2,3,2,2,1,1,1
1,10,0,0,16,2,2,4,0,0,2,1,19,1,2,3,2,2,1,1,1
1,10,0,0,16,2,2,3,0,0,2,1,19,1,2,3,2,2,1,1,1
1,10,0,0,16,2,2,3,0,0,2,0,19,1,2,3,2,2,1,1,1
1,10,0,0,16,2,2,3,0,0,2,0,19,1,2,4,2,2,1,1,1
1,10,0,0,16,2,2,3,0,0,2,1,19,1,2,4,2,2,1,1,1
1,10,0,0,16,2,2,2,0,0,2,1,19,1,2,4,2,2,1,1,1
1,10,0,0,15,2,2,2,0,0,2,1,19,1,2,4,2,2,1,1,1
1,10,0,0,15,2,2,2,0,0,2,0,19,1,2,4,2,2,1,1,1
1,10,0,0,15,2,2,2,0,0,2,0,19,1,2,3,2,2,1,1,1
1,10,0,0,15,2,2,2,0,0,2,0,19,1,2,2,2,2,1,1,1
1,9,0,0,15,2,2,2,0,0,2,0,19,1,2,2,2,2,1,1,1
1,9,0,0,16,2,2,2,0,0,2,0,19,1,2,2,2,2,1,1,1
1,9,0,0,17,2,2,2,0,0,2,0,19,1,2,2,2,2,1,1,1
1,9,0,0,17,2,2,2,0,0,2,0,19,1,2,2,2,2,0,1,1
1,9,0,0,17,2,2,2,0,0,1,0,19,1,2,2,2,2,0,1,1
1,9,0,0,17,2,2,2,0,0,1,0,20,1,2,2,2,2,0,1,1
1,9,0,0,17,2,2,2,0,0,1,0,20,1,2,2,2,2,1,1,1
1,9,0,0,18,2,2,2,0,0,1,0,20,1,2,2,2,2,1,1,1
1,9,0,0,18,2,2,2,0,0,1,0,20,1,2,3,2,2,1,1,1
1,9,0,0,18,2,2,2,0,0,2,0,20,1,2,3,2,2,1,1,1
1,9,0,0,18,1,2,2,0,0,2,0,20,1,2,3,2,2,1,1,1
1,9,0,0,18,1,2,2,0,0,2,1,20,1,2,3,2,2,1,1,1
1,9,0,0,18,1,2,1,0,0,2,1,20,1,2,3,2,2,1,1,1
1,9,0,0,17,1,2,1,0,0,2,1,20,1,2,3,2,2,1,1,1
1,9,0,1,17,1,2,1,0,0,2,1,20,1,2,3,2,2,1,1,1
1,8,0,1,17,1,2,1,0,0,2,1,20,1,2,3,2,2,1,1,1
1,8,0,1,17,1,2,1,0,0,2,1,20,1,2,4,2,2,1,1,1
1,8,1,1,17,1,2,1,0,0,2,1,20,1,2,4,2,2,1,1,1
1,8,1,1,17,1,2,1,0,0,2,2,20,1,2,4,2,2,1,1,1
1,8,1,1,17,1,2,1,0,0,2,2,20,1,2,4,1,2,1,1,1
1,8,1,1,17,1,2,1,0,0,1,2,20,1,2,4,1,2,1,1,1
1,8,1,1,17,2,2,1,0,0,1,2,20,1,2,4,1,2,1,1,1
1,8,1,1,17,2,2,2,0,0,1,2,20,1,2,4,1,2,1,1,1
1,8,1,2,17,2,2,2,0,0,1,2,20,1,2,4,1,2,1,1,1
1,7,1,2,17,2,2,2,0,0,1,2,20,1,2,4,1,2,1,1,1
1,8,1,2,17,2,2,2,0,0,1,1,20,1,2,4,1,2,1,1,1
1,8,1,2,17,2,2,1,0,0,1,1,20,1,2,4,1,2,1,1,1
1,9,1,2,17,2,2,1,0,0,1,1,20,1,2,4,1,2,1,1,1
1,9,1,2,17,2,2,1,0,0,1,1,20,1,2,4,1,2,0,1,1
1,9,1,2,17,2,2,1,0,0,1,1,19,1,2,4,1,2,0,1,1
1,9,1,3,17,2,2,1,0,0,1,1,19,1,2,4,1,2,0,1,1
1,9,1,3,17,2,3,1,0,0,1,1,19,1,2,4,1,2,0,1,1
1,9,1,3,17,2,3,1,0,0,1,1,19,0,2,4,1,2,0,1,1
1,9,1,3,17,2,3,1,0,0,1,1,19,0,2,4,0,2,0,1,1
0,9,1,3,17,2,3,1,0,0,1,1,19,0,2,4,0,2,0,1,1
0,9,1,3,17,2,3,1,0,0,1,1,19,0,2,4,1,2,0,1,1
0,9,1,3,18,2,3,1,0,0,1,1,19,0,2,4,1,2,0,1,1
0,9,1,3,18,2,3,1,0,0,1,1,19,0,2,4,2,2,0,1,1
0,9,1,3,18,2,3,1,0,0,1,1,20,0,2,4,2,2,0,1,1
0,9,1,3,18,3,3,1,0,0,1,1,20,0,2,4,2,2,0,1,1
0,9,0,3,19,4,3,1,0,0,1,1,20,0,2,4,1,2,0,1,1
0,10,0,3,19,4,3,1,0,0,1,1,20,0,2,4,1,2,0,1,1
0,10,0,3,19,4,3,1,0,0,1,1,20,0,2,4,1,1,0,1,1
0,10,0,3,20,4,3,1,0,0,1,1,20,0,2,4,1,1,0,1,1
0,10,0,3,20,4,3,1,0,0,1,2,20,0,2,4,1,1,0,1,1
0,10,0,3,20,4,3,1,0,0,1,2,20,0,2,4,0,1,0,1,1
0,10,0,3,20,4,3,1,0,0,1,2,20,1,2,4,0,1,0,1,1
0,10,0,3,20,4,3,1,0,0,1,2,20,1,2,4,1,1,0,1,1
0,10,0,3,20,4,3,1,0,0,1,2,20,1,2,3,1,1,0,1,1
0,10,0,3,20,4,3,1,0,0,2,2,20,1,2,3,1,1,0,1,1
1,10,0,3,20,4,3,1,0,0,2,2,20,1,2,3,1,1,0,1,1
1,11,0,3,20,4,3,1,0,0,2,2,20,1,2,3,1,1,0,1,1
1,11,0,3,20,4,3,1,0,0,2,2,21,1,2,3,1,1,0,1,1
1,11,0,3,20,4,3,1,0,0,2,2,21,1,2,3,2,1,0,1,1
1,11,0,3,20,4,3,1,0,0,2,1,21,1,2,3,2,1,0,1,1
1,10,0,3,20,4,3,1,0,0,2,1,21,1,2,3,2,1,0,1,1
1,10,0,3,20,4,3,1,0,0,1,1,21,1,2,3,2,1,0,1,1
1,11,0,3,20,4,3,1,0,0,1,1,21,1,2,3,2,1,0,1,1
1,10,0,3,19,4,3,1,0,0,1,1,21,1,2,3,2,1,0,1,1
1,10,0,3,19,4,3,1,0,0,1,1,20,1,2,3,2,1,0,1,1
1,10,0,3,19,4,3,1,0,0,1,1,20,1,2,2,2,1,0,1,1
1,10,0,3,19,4,3,1,0,0,1,1,20,1,2,2,2,1,0,0,1
1,10,0,3,19,4,3,1,0,0,2,1,20,1,2,2,2,1,0,0,1
1,10,0,3,19,4,3,1,0,0,2,1,20,1,2,2,3,1,0,0,1
1,10,0,3,19,4,3,1,0,0,2,1,21,1,2,2,3,1,0,0,1
1,10,0,3,19,4,2,1,0,0,2,1,21,1,2,2,3,1,0,0,1
1,10,0,3,19,4,2,1,0,0,2,1,22,1,2,2,3,1,0,0,1
1,10,0,3,19,4,2,1,0,0,2,1,22,1,2,2,2,1,0,0,1
1,10,0,3,19,4,2,1,0,0,2,1,22,1,2,3,2,1,0,0,1
1,10,0,3,19,4,2,1,0,0,1,1,22,1,2,3,2,1,0,0,1
0,10,0,3,19,4,2,1,0,0,1,1,22,1,2,3,2,1,0,0,1
0,10,0,3,19,4,2,1,0,0,1,1,22,1,2,3,2,2,0,0,1
0,10,0,3,19,4,2,1,0,0,1,1,22,1,2,3,3,2,0,0,1
0,10,0,3,19,4,2,1,0,0,1,1,23,1,2,3,3,2,0,0,1
0,10,0,3,19,4,2,1,0,0,2,1,23,1,2,3,3,2,0,0,1
0,10,0,3,19,4,2,1,0,0,1,1,23,1,2,3,2,2,0,0,1
1,10,0,3,19,4,2,1,0,0,1,1,23,1,2,3,2,2,0,0,1
1,10,0,3,20,4,2,1,0,0,1,1,23,1,2,3,2,2,0,0,1
1,11,0,3,20,4,2,1,0,0,1,1,23,1,2,3,2,2,0,0,1
1,11,0,3,20,4,2,1,0,0,1,2,23,1,2,3,2,2,0,0,1
1,11,0,3,20,4,2,1,0,0,2,2,23,1,2,3,2,2,0,0,1
1,11,0,3,20,4,2,2,0,0,2,2,23,1,2,3,2,2,0,0,1
1,11,0,3,20,4,2,2,0,0,2,2,23,1,2,4,2,2,0,0,1
1,11,0,3,20,4,2,2,0,0,2,2,24,1,2,4,2,2,0,0,1
1,11,0,3,20,4,2,2,0,0,2,2,24,0,2,4,2,2,0,0,1
1,11,0,3,20,4,2,2,0,0,2,1,24,0,2,4,2,2,0,0,1
1,11,0,3,20,4,2,1,0,0,2,1,24,0,2,4,2,2,0,0,1
1,11,0,3,20,4,2,1,0,0,1,1,24,0,2,4,2,2,0,0,1
1,11,0,3,20,4,2,1,0,0,2,1,25,0,2,4,2,2,0,0,1
1,11,0,3,20,4,2,1,0,0,2,1,25,0,2,3,2,2,0,0,1
1,11,0,3,21,4,2,1,0,0,2,1,25,0,2,3,2,2,0,0,1
0,9,0,3,24,4,3,2,0,0,2,1,24,2,1,1,2,2,0,1,1
0,9,0,3,24,4,3,2,0,0,1,1,24,2,1,1,2,2,0,1,1
0,8,0,3,24,4,3,2,0,0,1,1,24,2,1,1,2,2,0,1,1
0,8,0,3,24,3,3,2,0,0,1,1,24,2,1,1,2,2,0,1,1
0,8,0,3,24,3,3,2,0,0,1,1,24,2,1,1,2,2,0,0,1
0,8,0,3,25,3,3,2,0,0,1,1,24,2,1,1,2,2,0,1,1
0,8,0,3,25,2,3,2,0,0,1,1,24,2,1,1,2,2,0,1,1
0,8,1,3,25,2,3,2,0,0,1,1,24,2,1,1,2,2,0,1,1
0,8,1,4,25,2,3,2,0,0,1,1,24,2,1,1,2,2,0,1,1
0,8,1,4,25,2,3,2,0,0,2,1,24,2,1,1,2,2,0,1,1
0,8,1,4,25,2,3,2,0,0,2,1,24,2,1,1,1,2,0,1,1
0,8,1,4,25,2,3,2,0,0,1,1,24,2,1,1,1,2,0,1,1
0,8,1,4,25,2,3,2,0,0,1,1,23,2,1,1,1,2,0,1,1
0,8,1,4,25,2,3,2,0,0,1,2,24,2,1,1,1,2,0,1,1
0,8,1,4,24,2,3,2,0,0,1,2,24,2,1,1,1,2,0,1,1
0,8,1,3,24,2,3,2,0,0,1,2,24,2,1,1,1,2,0,1,1
0,8,2,3,24,2,3,2,0,0,1,2,24,2,1,1,1,2,0,1,1
0,8,2,3,24,2,3,2,0,0,1,2,24,2,1,1,1,2,1,1,1
0,8,2,3,24,2,3,2,0,0,1,2,24,2,1,2,1,2,1,1,1
0,8,2,3,24,2,3,2,0,0,1,2,24,2,1,2,2,2,1,1,1
0,8,2,3,24,2,3,2,0,0,2,2,24,2,1,2,2,2,1,1,1
0,8,2,3,24,2,3,2,0,0,2,2,24,2,1,3,2,2,1,1,1
0,8,2,3,24,2,3,2,0,0,2,2,24,2,1,3,2,2,1,0,1
0,8,2,3,24,2,3,2,0,0,2,2,24,2,1,4,2,2,1,0,1
0,8,2,3,24,2,3,2,0,0,2,2,24,2,1,4,2,1,1,0,1
0,8,2,3,24,2,3,2,0,0,2,2,23,2,1,4,2,1,1,0,1
0,8,2,3,24,2,3,2,0,0,1,2,23,2,1,4,2,1,1,0,1
0,8,2,3,24,2,3,2,0,0,1,2,23,2,1,4,2,1,0,0,1
0,8,2,3,24,2,3,2,0,0,1,2,23,2,1,3,2,1,0,0,1
0,8,2,3,24,2,3,2,0,0,2,2,23,2,1,3,2,1,0,0,1
0,8,2,3,24,2,3,2,0,0,2,2,23,2,1,2,2,1,0,0,1
0,7,2,3,24,2,3,2,0,0,2,2,23,2,1,2,2,1,0,0,1
0,7,2,3,24,2,3,2,0,0,2,2,23,2,1,1,2,1,0,0,1
0,6,2,3,24,2,3,2,0,0,2,2,23,2,1,1,2,1,0,0,1
0,6,2,3,24,2,3,1,0,0,2,2,23,2,1,1,2,1,0,0,1
0,6,2,3,23,2,3,1,0,0,2,2,23,2,1,1,2,1,0,0,1
0,6,2,3,23,2,3,1,0,0,2,2,22,2,1,1,2,1,0,0,1
0,6,1,3,23,2,3,1,0,0,2,2,22,2,1,1,2,1,0,0,1
0,6,1,3,23,2,3,1,0,0,2,2,21,2,1,1,2,1,0,0,1
0,6,1,3,23,2,3,1,0,0,2,1,21,2,1,1,2,1,0,0,1
0,6,1,3,23,2,3,1,0,0,2,1,21,2,1,1,3,1,0,0,1
1,6,1,3,23,2,3,1,0,0,2,1,21,2,1,1,3,1,0,0,1
1,6,1,3,22,2,3,1,0,0,2,1,21,2,1,1,3,1,0,0,1
1,6,2,3,22,2,3,1,0,0,2,1,21,2,1,1,3,1,0,0,1
1,6,2,3,22,2,3,1,0,0,2,0,21,2,1,1,3,1,0,0,1
0,6,2,3,22,2,3,1,0,0,2,0,21,2,1,1,3,1,0,0,1
0,6,2,3,22,2,3,2,0,0,2,0,21,2,1,1,3,1,0,0,1
0,6,2,4,22,2,3,2,0,0,2,0,21,2,1,1,3,1,0,0,1
0,6,2,4,22,2,3,2,0,0,1,0,21,2,1,1,3,1,0,0,1
0,6,1,4,22,2,3,2,0,0,1,0,21,2,1,1,3,1,0,0,1
0,6,1,4,22,2,3,2,0,0,1,1,21,2,1,1,3,1,0,0,1
0,6,1,4,21,2,3,2,0,0,1,1,21,2,1,1,3,1,0,0,1
0,6,2,4,21,2,3,2,0,0,1,1,21,2,1,1,3,1,0,0,1
0,5,2,4,21,2,3,2,0,0,1,1,21,2,1,1,3,1,0,0,1
0,5,2,4,21,2,3,2,0,0,1,2,21,2,1,1,3,1,0,0,1
0,11,0,1,21,0,0,1,0,0,1,0,24,0,0,2,0,1,0,0,1
0,11,0,1,21,0,0,1,0,0,1,0,24,0,0,2,1,1,0,0,1
0,11,0,1,21,0,0,1,0,0,1,1,24,0,0,2,1,1,0,0,1
1,11,0,1,21,0,0,1,0,0,1,1,24,0,0,2,1,1,0,0,1
1,11,0,1,21,0,0,1,0,0,1,1,24,0,0,2,1,2,0,0,1
1,11,0,1,20,0,0,1,0,0,1,1,24,0,0,2,1,2,0,0,1
1,11,0,1,20,0,1,1,0,0,1,1,24,0,0,2,1,2,0,0,1
1,11,0,1,20,0,1,1,0,0,1,1,25,0,0,2,1,2,0,0,1
1,11,0,1,21,0,1,1,0,0,1,1,25,0,0,2,1,2,0,0,1
1,11,0,1,21,0,1,1,0,0,1,1,25,0,0,3,1,2,0,0,1
0,11,0,1,21,0,1,1,0,0,1,1,25,0,0,3,1,2,0,0,1
0,12,0,1,20,2,1,3,0,0,1,1,26,0,1,1,0,2,0,0,1
0,12,0,1,20,2,1,3,0,0,1,0,26,0,1,1,0,2,0,0,1
0,12,0,1,20,2,1,3,0,0,1,0,25,0,1,1,0,2,0,0,1
0,12,0,1,20,2,1,3,0,0,1,0,25,0,1,1,0,2,1,0,1
0,22,3,0,24,4,3,1,0,2,2,1,19,1,0,1,1,1,1,1,-1
0,22,3,0,24,4,3,1,0,2,3,1,19,1,0,1,1,1,1,1,-1
0,22,3,0,24,4,3,1,0,1,3,1,19,1,0,1,1,1,1,1,-1
0,12,0,1,25,0,0,1,0,0,1,0,25,0,0,2,0,1,0,0,1
0,12,0,1,25,0,0,1,0,0,1,0,25,0,0,2,0,2,0,0,1
0,12,0,1,25,0,0,1,0,0,1,0,25,1,0,2,0,2,0,0,1
0,12,0,1,25,0,0,1,0,0,1,0,25,2,0,2,0,2,0,0,1
0,12,0,1,26,0,0,1,0,0,1,0,25,2,0,2,0,2,0,0,1
0,12,0,1,26,0,0,1,0,0,1,0,25,2,0,1,0,2,0,0,1
0,12,0,1,26,0,0,1,0,0,2,0,25,2,0,1,0,2,0,0,1
0,12,0,1,27,0,0,1,0,0,2,0,25,2,0,1,0,2,0,0,1
0,12,0,1,27,0,0,1,0,0,2,1,25,2,0,1,0,2,0,0,1
0,12,0,1,27,0,0,1,0,0,1,1,25,2,0,1,0,2,0,0,1
1,8,0,1,32,0,1,4,0,0,4,2,24,2,0,4,0,2,1,0,-1
1,8,0,1,32,0,1,4,0,0,4,2,24,2,0,3,0,2,1,0,-1
0,8,0,1,32,0,1,4,0,0,4,2,24,2,0,3,0,2,1,0,-1
1,8,0,1,32,1,1,4,0,0,4,2,24,2,0,3,0,2,1,0,-1
1,8,0,1,32,1,1,4,0,0,4,2,23,2,0,3,0,2,1,0,-1
1,8,0,0,32,1,1,4,0,0,4,2,23,2,0,3,0,2,1,0,-1
1,8,0,0,32,1,1,4,0,0,4,1,23,2,0,3,0,2,1,0,-1
1,8,0,0,32,1,1,4,0,0,4,1,22,2,0,3,0,2,1,0,-1
1,8,0,0,32,1,1,4,0,0,4,1,21,2,0,3,0,2,1,0,-1
1,8,0,0,32,2,1,4,0,0,4,1,21,2,0,3,0,2,1,0,-1
1,8,0,0,32,2,1,4,0,0,4,1,22,2,0,3,0,2,1,0,-1
1,8,0,0,32,2,1,4,0,0,4,1,22,2,1,3,0,2,1,0,-1
1,7,0,0,32,2,1,4,0,0,4,1,22,2,1,3,0,2,1,0,-1
1,7,0,0,32,2,1,4,0,0,4,1,22,2,0,3,0,2,1,0,-1
1,7,0,0,32,2,0,4,0,0,4,1,22,2,0,3,0,2,1,0,-1
1,7,0,0,32,3,0,4,0,0,4,1,22,2,0,3,0,2,1,0,-1
1,7,0,0,32,3,0,4,0,0,4,1,22,1,0,3,0,2,1,0,-1
1,7,0,0,32,3,0,4,0,0,4,1,22,1,0,4,0,2,1,0,-1
1,7,0,0,32,3,0,4,0,0,4,2,22,1,0,4,0,2,1,0,-1
1,7,0,0,32,4,0,4,0,0,4,2,22,1,0,4,0,2,1,0,-1
1,7,0,0,32,4,0,4,0,0,4,2,22,2,0,4,0,2,1,0,-1
1,7,0,0,32,4,0,4,0,0,4,2,22,2,1,4,0,2,1,0,-1
1,7,0,0,32,4,0,4,0,0,4,2,22,2,2,4,0,2,1,0,-1
1,7,0,0,32,4,0,4,0,0,4,2,22,2,2,3,0,2,1,0,-1
0,7,0,0,32,4,0,4,0,0,4,2,22,2,2,3,0,2,1,0,-1
0,7,0,0,33,4,0,4,0,0,4,2,22,2,2,3,0,2,1,0,-1
0,7,0,0,33,3,0,4,0,0,4,2,22,2,2,3,0,2,1,0,-1
0,7,0,0,33,3,0,4,0,0,4,2,22,2,2,3,0,1,1,0,-1
0,6,0,0,33,3,0,4,0,0,4,2,22,2,2,3,0,1,1,0,-1
0,7,0,0,34,3,0,4,0,0,4,2,22,2,2,3,0,1,1,0,-1
0,7,0,0,34,3,0,4,0,0,4,2,22,2,2,2,0,1,1,0,-1
0,7,0,0,34,3,0,3,0,0,4,2,22,2,2,2,0,1,1,0,-1
0,7,0,0,34,3,0,3,0,0,4,2,23,2,2,2,0,1,1,0,-1
1,7,0,0,34,3,0,3,0,0,4,2,23,2,2,2,0,1,1,0,-1
1,7,0,0,34,3,0,3,0,0,4,2,23,1,2,2,0,1,1,0,-1
1,7,0,0,34,2,0,3,0,0,4,2,23,1,2,2,0,1,1,0,-1
1,7,0,0,34,2,0,3,0,0,4,2,23,1,2,3,0,1,1,0,-1
1,7,0,0,34,2,0,3,0,0,4,1,23,1,2,3,0,1,1,0,-1
1,7,0,0,34,1,0,3,0,0,4,1,23,1,2,3,0,1,1,0,-1
1,7,0,0,34,1,0,3,0,0,4,2,23,1,2,3,0,1,1,0,-1
1,7,0,0,34,2,0,3,0,0,4,2,23,1,2,4,0,1,1,0,-1
1,7,0,0,34,2,0,3,0,0,4,1,23,1,2,4,0,1,1,0,-1
1,7,0,0,34,2,0,3,0,0,4,1,23,0,2,4,0,1,1,0,-1
1,7,0,0,34,2,0,3,0,0,4,1,23,0,1,4,0,1,1,0,-1
1,6,0,0,34,2,0,3,0,0,4,1,23,0,1,4,0,1,1,0,-1
1,6,0,0,34,2,0,3,0,0,4,1,23,0,1,4,1,1,1,0,-1
1,6,0,0,34,2,0,3,0,0,4,2,23,0,1,4,1,1,1,0,-1
1,6,0,0,33,2,0,3,0,0,4,2,23,0,1,4,1,1,1,0,-1
1,6,0,0,33,2,0,3,0,0,4,2,23,1,1,4,1,1,1,0,-1
1,6,0,0,33,2,0,3,0,0,4,2,23,2,1,4,1,1,1,0,-1
1,6,0,0,33,2,0,3,0,0,4,1,23,2,1,4,1,1,1,0,-1
1,6,0,0,33,2,0,3,0,0,4,1,23,1,1,4,1,1,1,0,-1
1,6,0,0,34,2,0,3,0,0,4,1,23,1,1,4,1,1,1,0,-1
1,6,0,0,35,2,0,3,0,0,4,1,23,1,1,4,1,1,1,0,-1
1,6,0,0,35,2,0,3,0,0,4,1,23,1,1,4,1,1,1,1,-1
1,6,0,0,35,2,0,3,0,0,4,2,23,1,1,4,1,1,1,1,-1
1,6,0,0,35,2,0,4,0,0,4,2,23,1,1,4,1,1,1,1,-1
1,6,0,0,35,2,1,4,0,0,4,2,23,1,1,4,1,1,1,1,-1
1,6,0,0,35,1,1,4,0,0,4,2,23,1,1,4,1,1,1,1,-1
1,6,0,0,35,1,1,4,0,0,4,2,23,1,1,3,1,1,1,1,-1
1,5,0,0,35,1,1,4,0,0,4,2,23,1,1,3,1,1,1,1,-1
1,5,0,0,35,1,1,4,0,0,4,2,23,1,1,3,1,1,0,1,-1
1,5,0,0,35,0,1,4,0,0,4,2,23,1,1,3,1,1,0,1,-1
1,5,0,0,35,0,1,4,0,0,4,2,23,1,1,3,0,1,0,1,-1
1,6,0,0,35,0,1,4,0,0,4,2,23,1,1,3,0,1,0,1,-1
1,6,0,0,34,0,1,4,0,0,4,2,23,1,1,3,0,1,0,1,-1
1,6,0,0,35,0,1,4,0,0,4,1,23,1,1,3,0,1,0,1,-1
1,6,0,0,35,0,1,4,0,0,4,0,23,1,1,3,0,1,0,1,-1
0,6,0,0,35,0,1,4,0,0,4,0,23,1,1,3,0,1,0,1,-1
0,6,0,0,35,1,1,4,0,0,4,0,23,1,1,3,0,1,0,1,-1
0,6,0,0,35,1,1,4,0,0,4,0,22,1,1,3,0,1,0,1,-1
0,6,0,0,35,1,1,4,0,0,4,0,22,1,1,4,0,1,0,1,-1
1,6,0,0,35,1,1,4,0,0,4,0,22,1,1,4,0,1,0,1,-1
1,6,0,0,35,0,1,4,0,0,4,0,22,1,1,4,0,1,0,1,-1
1,6,0,0,35,0,1,4,0,0,4,0,22,1,1,3,0,1,0,1,-1
1,6,0,0,35,0,1,4,0,0,4,0,22,1,1,2,0,1,0,1,-1
1,6,0,0,35,0,1,4,0,0,4,0,22,0,1,2,0,1,0,1,-1
1,6,0,0,35,0,1,4,0,0,4,1,22,0,1,2,0,1,0,1,-1
1,6,0,0,35,0,1,4,0,0,4,1,22,1,1,2,0,1,0,1,-1
1,6,0,0,35,0,1,4,0,0,4,1,21,1,1,2,0,1,0,1,-1
1,6,0,0,35,0,1,4,0,0,4,1,21,1,1,2,0,1,0,0,-1
1,6,0,0,35,0,1,4,0,0,4,2,21,1,1,2,0,1,0,0,-1
1,5,0,0,35,0,1,4,0,0,4,2,21,1,1,2,0,1,0,0,-1
1,5,0,0,35,0,1,3,0,0,4,2,21,1,1,2,0,1,0,0,-1
1,5,0,0,36,0,1,3,0,0,4,2,21,1,1,2,0,1,0,0,-1
1,5,0,0,36,0,1,3,0,0,4,2,21,2,1,2,0,1,0,0,-1
1,4,0,0,36,0,1,3,0,0,4,2,21,2,1,2,0,1,0,0,-1
1,4,0,0,36,1,1,3,0,0,4,2,21,2,1,2,0,1,0,0,-1
1,4,0,0,36,1,1,3,0,0,4,1,21,2,1,2,0,1,0,0,-1
1,4,0,0,36,0,1,3,0,0,4,1,21,2,1,2,0,1,0,0,-1
0,4,0,0,36,0,1,3,0,0,4,1,21,2,1,2,0,1,0,0,-1
0,4,0,0,36,0,1,3,0,0,4,1,21,2,1,1,0,1,0,0,-1
0,4,0,0,36,0,1,3,0,0,4,1,20,2,1,1,0,1,0,0,-1
0,4,0,0,35,0,1,3,0,0,4,1,20,2,1,1,0,1,0,0,-1
0,4,0,0,35,0,1,3,0,0,4,1,20,2,1,2,0,1,0,0,-1
0,4,0,0,34,0,1,3,0,0,4,1,20,2,1,1,0,1,0,0,-1
0,7,0,0,37,1,0,4,0,0,4,2,19,1,0,1,1,1,0,0,-1
1,7,0,0,37,1,0,4,0,0,4,2,19,1,0,1,1,1,0,0,-1
0,7,0,0,37,1,0,4,0,0,4,2,19,1,1,1,1,1,1,0,-1
0,7,0,0,37,1,0,4,0,0,4,2,19,1,1,1,0,1,1,0,-1
0,7,0,1,37,1,0,4,0,0,4,2,19,1,1,1,1,1,1,0,-1
0,7,0,1,37,1,0,4,0,0,4,2,19,1,1,1,2,1,1,0,-1
0,7,0,1,37,0,0,4,0,0,4,2,19,1,1,1,2,1,1,0,-1
0,7,0,0,37,0,0,4,0,0,4,2,19,1,1,1,2,1,1,0,-1
1,7,0,0,37,0,0,4,0,0,4,2,19,1,1,1,2,1,1,0,-1
1,7,0,0,38,0,0,4,0,0,4,2,19,1,1,1,2,1,1,0,-1
1,8,0,0,38,0,0,4,0,0,4,2,19,1,1,1,2,1,1,0,-1
1,8,0,0,38,0,0,4,0,0,4,2,19,1,1,1,1,1,1,0,-1
1,8,0,0,38,0,0,4,0,0,4,2,19,1,1,1,0,1,1,0,-1
1,8,0,1,38,0,0,4,0,0,4,2,19,1,1,1,0,1,1,0,-1
1,8,0,1,38,0,0,4,0,0,4,2,19,2,1,1,0,1,1,0,-1
1,8,0,0,38,0,0,4,0,0,4,2,19,2,1,1,0,1,1,0,-1
1,8,0,0,38,1,0,4,0,0,4,2,19,2,1,1,1,1,1,0,-1
1,8,0,0,38,1,0,4,0,0,4,2,19,2,1,1,1,1,1,1,-1
1,8,0,0,38,1,0,4,0,0,4,2,20,2,1,1,1,1,1,1,-1
1,8,0,0,38,1,0,3,0,0,4,2,20,2,1,1,1,1,1,1,-1
1,8,0,0,38,1,0,3,0,0,4,2,20,2,1,1,1,1,1,0,-1
1,8,0,0,39,1,0,3,0,0,4,2,20,2,1,1,1,1,1,0,-1
1,8,0,0,39,1,0,2,0,0,4,2,20,2,1,1,1,1,1,0,-1
0,8,0,0,39,1,0,2,0,0,4,2,20,2,1,1,1,1,1,0,-1
0,8,0,0,39,2,0,2,0,0,4,2,20,2,1,1,1,1,1,0,-1
0,8,0,0,39,2,0,2,0,0,4,2,20,2,1,1,2,1,1,0,-1
0,8,0,0,39,2,0,2,0,0,4,2,21,2,1,1,2,1,1,0,-1
0,8,0,0,39,2,0,1,0,0,4,2,21,2,1,1,2,1,1,0,-1
0,8,0,0,39,2,0,1,0,0,4,2,21,1,1,1,2,1,1,0,-1
0,8,0,0,39,2,1,1,0,0,4,2,21,1,1,1,2,1,1,0,-1
1,9,0,1,36,2,0,2,0,0,4,0,19,2,1,1,0,2,0,0,-1
1,9,0,1,35,2,0,2,0,0,4,0,19,2,1,1,0,2,0,0,-1
1,9,0,1,35,2,1,2,0,0,4,0,19,2,1,1,0,2,0,0,-1
1,9,0,1,35,2,1,2,0,0,4,0,19,1,1,1,0,2,0,0,-1
1,9,0,1,36,2,1,2,0,0,4,0,19,1,1,1,0,2,0,0,-1
1,9,0,1,36,2,1,2,0,0,4,1,19,1,1,1,0,2,0,0,-1
0,9,0,1,36,2,1,2,0,0,4,1,19,1,1,1,0,2,0,0,-1
0,9,0,1,36,2,1,2,0,0,4,2,19,1,1,1,0,2,0,0,-1
0,9,0,1,36,2,1,2,0,0,4,2,19,2,1,1,0,2,0,0,-1
0,9,0,1,36,2,0,2,0,0,4,2,19,2,1,1,0,2,0,0,-1
0,9,0,0,36,2,0,2,0,0,4,2,19,2,1,1,0,2,0,0,-1
0,10,0,0,36,2,0,2,0,0,4,2,19,2,1,1,0,2,0,0,-1
0,10,0,0,36,3,0,2,0,0,4,2,19,2,1,1,0,2,0,0,-1
1,10,0,0,36,3,0,2,0,0,4,2,19,2,1,1,0,2,0,0,-1
1,10,0,0,36,3,0,2,0,0,4,2,19,2,1,1,1,2,0,0,-1
1,10,0,0,36,3,0,2,0,0,4,2,19,2,2,1,1,2,0,0,-1
1,10,0,0,36,3,0,3,0,0,4,2,19,2,2,1,1,2,0,0,-1
1,9,0,0,36,3,0,3,0,0,4,2,19,2,2,1,1,2,0,0,-1
1,9,0,0,36,3,1,3,0,0,4,2,19,2,2,1,1,2,0,0,-1
1,9,0,0,36,3,1,3,0,0,4,2,20,2,2,1,1,2,0,0,-1
1,9,0,0,36,3,1,4,0,0,4,2,20,2,2,1,1,2,0,0,-1
1,8,0,0,36,3,1,4,0,0,4,2,20,2,2,1,1,2,0,0,-1
1,7,0,0,37,4,0,2,0,0,2,2,21,1,1,3,3,1,1,0,1
1,6,0,0,37,4,0,2,0,0,2,2,21,1,1,3,3,1,1,0,1
1,6,0,0,37,4,0,2,0,0,1,2,21,1,1,3,3,1,1,0,1
1,6,0,0,37,4,0,2,0,0,1,2,22,1,1,3,3,1,1,0,1
1,6,0,0,37,4,0,2,0,0,1,1,22,1,1,3,3,1,1,0,1
0,6,0,0,37,4,0,2,0,0,1,1,22,1,1,3,3,1,1,0,1
0,6,0,0,37,4,0,2,0,0,1,1,22,0,1,3,3,1,1,0,1
0,6,0,0,37,4,0,2,0,0,2,1,22,0,1,3,3,1,1,0,1
0,6,0,0,37,4,0,1,0,0,2,1,22,0,1,3,3,1,1,0,1
0,6,0,0,37,4,1,1,0,0,2,1,22,0,1,3,3,1,1,0,1
0,6,0,0,37,4,1,1,0,0,2,1,22,0,1,4,3,1,1,0,1
0,6,0,0,37,4,1,1,0,0,2,0,22,0,1,4,3,1,1,0,1
0,6,0,0,37,4,1,1,0,0,2,0,23,0,1,4,3,1,1,0,1
0,6,0,0,37,3,1,1,0,0,2,0,23,0,1,4,3,1,1,0,1
0,5,0,0,37,3,1,1,0,0,2,0,23,0,1,4,3,1,1,0,1
0,5,0,0,37,3,1,1,0,0,2,1,23,0,1,4,3,1,1,0,1
0,6,0,0,37,3,1,1,0,0,2,1,23,0,1,4,3,1,1,0,1
1,6,0,0,37,3,1,1,0,0,2,1,23,0,1,4,3,1,1,0,1
1,6,0,0,37,3,1,1,0,0,2,0,23,0,1,4,3,1,1,0,1
1,6,0,0,37,3,1,1,0,0,2,0,23,1,1,4,3,1,1,0,1
1,6,0,0,37,3,1,1,0,0,2,0,23,1,1,4,2,1,1,0,1
1,6,0,0,37,3,1,1,0,0,1,0,23,1,1,4,2,1,1,0,1
0,7,0,2,32,4,1,3,0,0,2,1,23,2,0,4,1,2,0,0,1
0,7,0,2,32,4,1,2,0,0,2,1,23,2,0,4,1,2,0,0,1
0,7,0,2,32,4,1,1,0,0,2,1,23,2,0,4,1,2,0,0,1
0,7,0,2,32,4,1,1,0,0,2,1,23,2,0,4,1,2,0,1,1
0,7,0,2,32,4,1,1,0,0,2,1,23,2,0,4,2,2,0,1,1
0,6,0,2,32,4,1,1,0,0,2,1,23,2,0,4,2,2,0,1,1
0,6,0,2,32,4,1,2,0,0,2,1,23,2,0,4,2,2,0,1,1
1,6,0,2,32,4,1,2,0,0,2,1,23,2,0,4,2,2,0,1,1
1,6,0,2,32,4,1,2,0,0,2,1,22,2,0,4,2,2,0,1,1
1,6,0,2,32,3,1,2,0,0,2,1,22,2,0,4,2,2,0,1,1
1,5,0,2,32,3,1,2,0,0,2,1,22,2,0,4,2,2,0,1,1
1,5,0,2,31,3,1,2,0,0,2,1,22,2,0,4,2,2,0,1,1
1,5,0,2,31,3,1,2,0,0,1,1,22,2,0,4,2,2,0,1,1
1,5,0,2,31,3,1,2,0,0,1,2,22,2,0,4,2,2,0,1,1
1,5,0,2,30,3,1,2,0,0,1,2,22,2,0,4,2,2,0,1,1
1,5,0,2,30,3,1,2,0,0,1,2,22,2,0,3,2,2,0,1,1
1,5,0,2,30,3,1,2,0,0,1,1,22,2,0,3,2,2,0,1,1
1,5,0,2,30,3,1,2,0,0,1,1,22,2,0,3,2,1,0,1,1
1,5,0,2,30,3,1,2,0,0,1,1,21,2,0,3,2,1,0,1,1
1,5,0,2,30,3,1,2,0,0,1,1,21,2,0,3,3,1,0,1,1
1,5,0,2,30,3,1,2,0,0,1,1,21,2,0,4,2,1,0,1,1
1,5,0,2,30,3,1,2,0,0,1,2,21,2,0,4,2,1,0,1,1
1,5,0,2,30,2,1,2,0,0,1,1,21,2,0,4,2,1,0,1,1
1,5,0,2,30,2,1,2,0,0,1,2,21,2,0,4,2,1,0,1,1
0,5,0,2,30,2,1,2,0,0,1,2,21,2,0,4,2,1,0,1,1
0,5,0,2,30,2,1,2,0,0,2,2,21,2,0,4,2,1,0,1,1
0,5,0,2,29,2,1,2,0,0,2,2,21,2,0,4,2,1,0,1,1
0,5,0,2,29,2,1,3,0,0,2,2,21,2,0,4,2,1,0,1,1
0,6,0,2,29,2,1,3,0,0,2,2,21,2,0,4,2,1,0,1,1
1,6,0,2,29,2,1,3,0,0,2,2,21,2,0,4,2,1,0,1,1
1,6,0,2,29,2,1,3,0,0,2,1,21,2,0,4,2,1,0,1,1
1,6,0,2,29,2,1,2,0,0,2,2,21,2,0,4,2,1,0,1,1
0,6,0,2,29,2,1,2,0,0,2,2,21,2,0,4,2,1,0,1,1
0,6,0,2,29,3,1,2,0,0,2,2,21,2,0,4,2,1,0,1,1
0,6,0,2,29,3,1,2,0,0,4,2,21,2,0,4,2,1,0,1,-1
0,6,0,2,29,3,1,2,0,0,4,2,21,2,0,4,3,1,0,1,-1
0,6,0,2,29,3,1,2,0,0,4,2,22,2,0,4,3,1,0,1,-1
0,6,0,2,29,3,1,2,0,0,4,1,22,2,0,4,3,1,0,1,-1
1,6,0,2,29,3,1,2,0,0,4,1,22,2,0,4,3,1,0,1,-1
1,7,0,2,29,3,1,1,0,0,4,1,22,2,0,4,3,1,1,1,-1
1,7,0,2,29,3,1,1,0,0,4,0,22,2,0,4,3,1,1,1,-1
1,7,0,2,29,3,1,1,0,0,4,0,22,2,0,4,3,1,0,1,-1
1,8,0,2,29,3,1,1,0,0,4,0,22,2,0,4,3,1,0,1,-1
1,9,0,2,29,3,1,1,0,0,4,0,22,2,0,4,3,1,0,1,-1
0,8,0,0,16,0,0,1,0,0,1,0,23,0,0,2,0,1,0,0,1
0,8,0,0,16,0,0,1,0,0,2,0,23,0,0,2,0,1,0,0,1
0,8,0,0,15,0,0,1,0,0,2,0,23,0,0,2,0,1,0,0,1
1,8,0,0,15,0,0,1,0,0,2,0,23,0,0,2,0,1,0,0,1
1,8,0,0,15,0,0,1,0,0,2,0,23,1,0,2,0,1,0,0,1
0,9,0,0,17,0,0,1,0,0,1,0,23,1,0,1,0,1,0,0,1
0,10,0,0,17,0,0,1,0,0,1,0,23,1,0,1,0,1,0,0,1
0,10,0,0,17,0,0,1,0,0,1,1,23,1,0,1,0,1,0,0,1
0,10,0,0,17,0,0,1,0,0,1,1,23,1,0,2,0,1,0,0,1
0,10,0,0,17,0,0,1,0,0,2,1,23,1,0,2,0,1,0,0,1
0,10,0,0,17,0,0,1,0,0,2,2,23,1,0,2,0,1,0,0,1
0,10,0,0,17,0,0,1,0,0,2,2,23,2,0,2,0,1,0,0,1
0,9,0,0,18,0,0,2,0,0,1,0,23,0,0,1,0,1,0,0,1
0,9,0,0,18,0,0,2,0,0,2,0,23,0,0,1,0,1,0,0,1
0,9,0,0,18,0,0,2,0,0,2,0,23,0,0,1,1,1,0,0,1
0,9,0,0,14,0,0,1,0,0,1,0,22,0,0,1,0,1,0,0,1
0,9,0,0,14,0,0,1,0,0,1,0,22,0,0,1,1,1,0,0,1
0,9,0,0,14,0,0,1,0,0,2,0,22,0,0,1,1,1,0,0,1
0,9,0,0,14,0,0,1,0,0,2,0,22,1,0,1,1,1,0,0,1
0,9,0,0,14,0,0,1,0,0,2,0,22,2,0,1,1,1,0,0,1
0,9,0,0,14,0,0,1,0,0,2,0,23,1,0,1,1,1,0,0,1
0,9,0,0,14,0,0,1,0,0,2,0,24,1,0,1,1,1,0,0,1
0,9,0,0,14,0,0,1,0,0,2,0,24,1,0,1,2,1,0,0,1
0,10,0,0,14,0,0,1,0,0,2,0,24,1,0,1,2,1,0,0,1
0,10,0,0,14,0,0,1,0,0,1,0,24,1,0,1,2,1,0,0,1
0,10,0,0,14,0,0,1,0,0,1,0,24,1,0,1,3,1,0,0,1
0,10,0,0,14,0,0,1,0,0,2,0,24,1,0,1,3,1,0,0,1
0,11,0,0,14,0,0,1,0,0,2,0,24,1,0,1,3,1,0,0,1
0,11,0,0,14,0,0,1,0,0,2,0,24,1,0,2,3,1,0,0,1
1,11,0,0,14,0,0,1,0,0,2,0,24,1,0,2,3,1,0,0,1
1,11,0,0,14,0,0,1,0,0,2,0,24,1,0,2,2,1,0,0,1
1,11,0,0,14,0,0,1,0,0,2,0,24,2,0,2,2,1,0,0,1
1,11,0,0,14,0,0,1,0,0,2,1,24,2,0,2,2,1,0,0,1
1,11,0,0,14,0,0,1,0,0,2,0,24,2,0,1,2,1,0,0,1
1,11,0,0,14,0,0,1,0,0,2,0,23,2,0,2,2,1,0,0,1
1,11,0,0,14,0,0,1,0,0,2,0,23,2,0,2,2,1,0,1,1
1,11,0,0,14,0,0,1,0,0,2,0,24,2,0,2,2,1,0,1,1
1,11,0,0,14,0,0,2,0,0,2,0,23,2,0,2,2,1,0,1,1
1,11,0,0,14,0,0,2,0,0,2,1,23,2,0,2,2,1,0,1,1
1,12,0,0,14,0,0,2,0,0,2,0,23,2,0,2,2,1,0,1,1
0,12,0,0,14,0,0,2,0,0,2,0,23,2,0,2,2,1,0,1,1
1,12,0,0,14,0,0,2,0,0,2,0,23,2,0,3,2,1,0,1,1
1,12,0,0,14,0,0,2,0,0,2,1,23,2,0,3,2,1,0,1,1
1,12,0,0,14,0,0,2,0,0,2,1,23,2,0,3,1,1,0,1,1
1,12,0,0,14,1,0,2,0,0,2,1,23,2,0,3,1,1,0,1,1
1,12,0,0,14,1,0,2,0,0,2,1,24,2,0,3,1,1,0,1,1
1,12,0,0,14,2,0,2,0,0,2,1,24,2,0,3,1,1,0,1,1
1,12,0,0,14,2,0,2,0,0,2,1,24,2,0,3,1,2,0,1,1
1,12,0,0,14,2,0,2,0,0,2,2,24,2,0,3,1,2,0,1,1
1,12,0,0,13,2,0,2,0,0,2,2,24,2,0,3,1,2,0,1,1
0,12,0,0,13,2,0,2,0,0,2,2,24,2,0,3,1,2,0,1,1
0,12,0,0,13,2,0,2,0,0,2,2,24,1,0,3,1,2,0,1,1
1,12,0,0,13,2,0,2,0,0,2,2,24,1,0,3,1,2,0,1,1
1,12,0,0,13,2,0,2,0,0,2,2,23,1,0,3,1,2,0,1,1
1,12,0,0,13,2,0,2,0,0,2,2,23,0,0,3,1,2,0,1,1
1,12,0,0,13,2,0,2,0,0,1,2,23,0,0,3,1,2,0,1,1
1,12,0,0,13,2,0,2,0,0,1,1,23,0,0,3,1,2,0,1,1
1,12,0,0,13,2,0,2,0,0,1,1,23,0,0,3,1,2,0,0,1
1,12,0,0,13,2,0,2,0,0,1,1,23,0,0,3,2,2,0,0,1
1,12,0,0,13,2,0,2,0,0,2,1,23,0,0,3,2,2,0,0,1
1,12,0,0,13,2,0,2,0,0,2,2,23,0,0,3,2,2,0,0,1
1,12,0,0,13,2,0,1,0,0,2,2,23,0,0,3,2,2,0,0,1
1,11,0,0,13,2,0,1,0,0,2,2,23,0,0,3,2,2,0,0,1
1,11,0,0,13,1,0,1,0,0,2,2,23,0,0,3,2,2,0,0,1
1,11,0,0,13,1,0,1,0,0,1,2,23,0,0,3,2,2,0,0,1
1,11,0,0,13,1,0,1,0,0,1,2,23,0,0,3,2,2,1,0,1
1,11,0,0,13,1,0,1,0,0,1,2,23,1,0,3,2,2,1,0,1
1,11,0,0,13,1,0,1,0,0,1,2,24,1,0,3,2,2,1,0,1
1,11,0,0,13,1,0,1,0,0,2,2,24,1,0,3,2,2,1,0,1
1,13,0,1,28,0,0,1,0,0,1,0,27,0,0,1,0,1,0,0,1
1,13,0,1,28,0,0,1,0,0,1,0,28,0,0,1,0,1,0,0,1
1,13,0,1,28,0,0,1,0,0,2,0,28,0,0,1,0,1,0,0,1
1,13,0,1,28,0,0,1,0,0,2,0,27,0,0,1,0,1,0,0,1
1,13,0,1,28,0,0,1,0,0,2,0,27,0,0,2,0,1,0,0,1
1,13,0,1,28,0,0,1,0,0,2,0,27,1,0,2,0,1,0,0,1
1,13,0,1,28,0,0,1,0,0,2,0,27,1,0,2,1,1,0,0,1
0,18,0,6,25,1,0,4,0,2,4,1,19,2,2,1,2,1,0,1,-1
0,19,0,5,26,3,0,4,0,2,4,1,22,1,2,1,3,1,0,1,-1
0,19,0,5,26,3,0,4,0,2,3,1,22,1,2,1,3,1,0,1,-1
0,19,0,5,26,3,0,4,0,2,4,1,22,0,2,1,3,1,0,1,-1
0,10,0,1,20,0,0,1,0,0,2,0,24,0,0,1,0,1,0,0,1
0,10,0,1,20,0,0,1,0,0,2,0,24,0,0,1,1,1,0,0,1
0,10,0,1,20,0,0,1,0,0,2,1,24,0,0,1,1,1,0,0,1
0,10,0,1,20,0,0,1,0,0,2,1,24,0,0,2,1,1,0,0,1
0,9,0,1,20,0,0,1,0,0,2,1,24,0,0,2,1,1,0,0,1
0,9,0,1,20,0,0,1,0,0,2,1,24,0,0,1,1,1,0,0,1
1,9,0,1,20,0,0,1,0,0,2,1,24,0,0,1,1,1,0,0,1
0,11,0,1,22,1,0,1,0,0,1,0,25,0,0,1,0,1,0,0,1
0,11,0,1,22,1,0,1,0,0,1,0,26,0,0,1,0,1,0,0,1
0,11,0,1,22,1,0,1,0,0,1,0,26,0,0,1,0,1,1,0,1
0,10,0,1,22,1,0,1,0,0,1,0,26,0,0,1,0,1,1,0,1
0,10,0,1,22,1,0,1,0,0,2,0,26,0,0,1,0,1,1,0,1
0,11,0,1,22,1,0,1,0,0,2,0,26,0,0,1,0,1,1,0,1
0,11,0,1,22,1,0,1,0,0,2,0,26,1,0,1,0,1,1,0,1
0,11,0,1,22,1,0,1,0,0,2,1,26,1,0,1,0,1,1,0,1
0,11,0,1,22,1,0,1,0,0,2,1,26,0,0,1,0,1,1,0,1
0,11,0,1,22,1,0,1,0,0,2,1,25,0,0,1,0,1,1,0,1
0,11,0,1,22,1,0,1,0,0,2,1,24,0,0,1,0,1,1,0,1
0,7,0,0,13,0,0,1,0,0,1,0,22,1,0,1,0,1,0,0,1
1,7,0,0,13,0,0,1,0,0,1,0,22,1,0,1,0,1,0,0,1
1,7,0,0,13,0,0,1,0,0,1,0,22,0,0,1,0,1,0,0,1
1,7,0,0,13,0,0,1,0,0,1,0,23,0,0,1,0,1,0,0,1
0,10,0,1,21,0,0,1,0,0,2,0,24,0,0,1,0,1,0,0,1
0,13,0,1,27,0,0,1,0,0,1,0,26,1,0,1,0,1,0,0,1
0,12,0,1,27,0,0,1,0,0,1,0,26,1,0,1,0,1,0,0,1
0,12,0,1,27,0,0,1,0,0,2,0,26,1,0,1,0,1,0,0,1
0,12,0,1,27,0,0,1,0,0,2,1,26,1,0,1,0,1,0,0,1
0,12,0,1,27,0,0,1,0,0,2,2,26,1,0,1,0,1,0,0,1
0,11,0,1,27,0,0,1,0,0,2,2,26,1,0,1,0,1,0,0,1
0,13,0,1,28,0,0,1,0,0,2,0,26,0,0,1,0,1,0,0,1
0,13,0,1,28,0,0,1,0,0,2,0,26,1,0,1,0,1,0,0,1
0,13,0,1,28,0,0,1,0,0,2,0,26,1,0,1,1,1,0,0,1
0,13,0,1,28,0,0,1,0,0,2,0,26,1,0,1,1,2,0,0,1
0,13,0,1,28,0,0,1,0,0,2,1,26,1,0,1,1,2,0,0,1
0,12,0,1,28,0,0,1,0,0,2,1,26,1,0,1,1,2,0,0,1
0,11,0,1,28,0,0,1,0,0,2,1,26,1,0,1,1,2,0,0,1
0,11,0,1,28,0,0,1,0,0,2,1,26,1,0,1,1,2,0,1,1
1,11,0,1,28,0,0,1,0,0,2,1,26,1,0,1,1,2,0,1,1
1,11,0,1,28,0,0,1,0,0,2,2,26,1,0,1,1,2,0,1,1
0,12,0,1,25,0,0,1,0,0,1,1,26,0,0,1,0,1,0,0,1
0,12,0,1,25,0,0,1,0,0,1,1,26,1,0,1,0,1,0,0,1
0,12,0,1,25,0,0,1,0,0,1,2,26,1,0,1,0,1,0,0,1
1,12,0,1,25,0,0,1,0,0,1,2,26,1,0,1,0,1,0,0,1
1,12,0,1,25,0,0,1,0,0,1,2,25,1,0,1,0,1,0,0,1
1,12,0,1,25,0,0,1,0,0,1,2,25,0,0,1,0,1,0,0,1
1,12,0,1,25,0,0,1,0,0,2,2,25,0,0,1,0,1,0,0,1
1,12,0,1,25,0,0,1,0,0,2,2,25,1,0,1,0,1,0,0,1
1,12,0,1,25,0,0,1,0,0,2,2,26,1,0,1,0,1,0,0,1
1,12,0,1,25,0,0,1,0,0,2,2,27,1,0,1,0,1,0,0,1
1,12,0,1,25,0,0,1,0,0,4,2,27,1,0,1,0,1,0,0,-1
1,13,0,1,25,0,0,1,0,0,4,2,27,1,0,1,0,1,0,0,-1
0,13,0,1,29,0,0,1,0,0,1,0,28,0,0,1,0,1,0,0,1
0,13,0,1,29,0,0,1,0,0,2,0,28,0,0,1,0,1,0,0,1
0,12,0,1,29,0,0,1,0,0,2,0,28,0,0,1,0,1,0,0,1
0,12,0,1,29,0,0,1,0,0,2,1,28,0,0,1,0,1,0,0,1
1,12,0,1,29,0,0,1,0,0,2,1,28,0,0,1,0,1,0,0,1
1,12,0,1,29,0,0,1,0,0,2,2,28,0,0,1,0,1,0,0,1
1,11,0,1,29,0,0,1,0,0,2,2,28,0,0,1,0,1,0,0,1
0,17,0,0,5,0,0,1,0,0,1,0,19,0,0,1,0,1,0,0,-1
0,17,0,0,5,0,0,1,0,0,1,1,19,0,0,1,0,1,0,0,-1
0,11,0,1,23,0,0,1,0,0,1,1,25,0,0,1,0,1,0,0,1
0,11,0,1,23,0,0,1,0,0,1,2,25,0,0,1,0,1,0,0,1
0,8,0,0,15,0,0,1,0,0,1,1,23,0,0,1,0,1,0,0,1
1,8,0,0,15,0,0,1,0,0,1,1,23,0,0,1,0,1,0,0,1
1,8,0,0,15,0,0,1,0,0,1,2,23,0,0,1,0,1,0,0,1
1,8,0,0,15,0,0,1,0,0,2,2,23,0,0,1,0,1,0,0,1
0,8,0,0,15,0,0,1,0,0,1,1,22,0,0,1,0,1,0,0,1
0,8,0,0,15,0,0,1,0,0,1,2,22,0,0,1,0,1,0,0,1
1,8,0,0,15,0,0,1,0,0,1,2,22,0,0,1,0,1,0,0,1
1,8,0,0,15,0,0,1,0,0,1,2,22,1,0,1,0,1,0,0,1
1,8,0,0,15,0,0,1,0,0,1,2,22,1,0,1,0,2,0,0,1
1,7,0,0,15,0,0,1,0,0,1,2,22,1,0,1,0,2,0,0,1
0,10,0,1,20,0,0,1,0,0,1,0,24,1,0,1,0,1,0,1,1
0,10,0,1,20,0,0,1,0,0,1,1,24,1,0,1,0,1,0,1,1
0,10,0,1,20,0,0,1,0,0,1,1,23,1,0,1,0,1,0,1,1
0,10,0,1,20,0,0,1,0,0,1,2,23,1,0,1,0,1,0,1,1
0,10,0,1,20,0,0,1,0,0,2,2,23,1,0,1,0,1,0,1,1
0,10,0,1,20,0,0,1,0,0,2,2,23,1,0,1,1,1,0,1,1
0,11,0,1,20,0,0,1,0,0,2,2,23,1,0,1,1,1,0,1,1
1,13,0,1,26,0,0,1,0,0,1,0,26,0,0,1,0,1,0,0,1
1,13,0,1,26,0,0,1,0,0,1,1,26,0,0,1,0,1,0,0,1
1,13,0,1,26,0,0,1,0,0,1,2,26,0,0,1,0,1,0,0,1
0,12,0,1,26,0,0,1,0,0,1,1,26,0,0,1,0,1,0,0,1
0,12,0,1,26,0,0,1,0,0,1,1,25,0,0,1,0,1,0,0,1
0,12,0,1,26,0,0,1,0,0,1,2,25,0,0,1,0,1,0,0,1
0,10,0,1,19,0,0,1,0,0,1,1,24,0,0,1,0,1,0,0,1
0,10,0,1,19,0,0,1,0,0,1,2,24,0,0,1,0,1,0,0,1
0,10,0,1,19,0,0,1,0,0,1,2,23,0,0,1,0,1,0,0,1
0,10,0,1,19,0,0,1,0,0,1,2,23,1,0,1,0,1,0,0,1
0,10,0,1,19,0,0,1,0,0,1,2,23,2,0,1,0,1,0,0,1
0,10,0,1,19,0,0,1,0,0,2,2,23,2,0,1,0,1,0,0,1
1,10,0,1,19,0,0,1,0,0,2,2,23,2,0,1,0,1,0,0,1
1,10,0,1,19,0,0,1,0,0,2,2,21,2,0,1,0,2,0,0,1
1,10,0,1,19,0,0,1,0,0,4,2,21,2,0,1,0,2,0,0,-1
