1,12,2,3,15,0,2,1,0,0,1,2,22,2,1,1,2,1,1,0,1
1,12,2,3,15,0,1,1,0,0,1,0,23,2,0,1,2,1,0,0,1
1,9,2,3,16,0,1,4,0,0,2,2,22,2,1,1,2,1,1,0,1
1,12,2,3,13,0,1,2,0,0,1,2,22,1,1,1,2,1,0,0,1
1,12,2,3,14,4,2,2,0,0,1,0,25,2,1,1,2,1,1,0,1
1,12,2,3,29,0,3,2,0,0,1,0,27,2,1,1,2,1,0,0,1
0,30,2,2,24,0,3,4,0,0,4,0,23,2,0,1,2,1,0,0,0
0,12,2,2,18,0,1,4,0,0,1,2,22,2,0,1,2,1,0,0,1
0,9,2,2,21,0,2,3,0,0,2,0,25,2,1,1,2,1,0,0,1
1,11,2,2,15,3,1,4,0,0,1,0,20,2,1,1,2,1,0,0,1
0,18,2,2,20,0,2,1,0,0,4,0,20,0,0,1,2,1,0,0,0
0,24,2,2,17,0,1,4,0,1,1,1,24,2,1,1,1,1,0,1,0
0,24,2,0,13,4,2,4,0,0,4,0,25,2,0,1,2,1,0,0,0
0,6,2,1,13,2,0,1,0,0,2,1,23,2,0,1,0,1,1,0,1
1,12,2,2,15,0,2,1,0,0,1,2,22,2,1,1,2,1,1,0,1
1,12,2,3,15,0,2,2,0,0,1,2,22,2,1,1,2,1,1,0,1
0,12,2,3,15,0,2,2,0,0,1,2,22,2,1,1,2,1,1,0,1
1,12,2,3,15,0,2,2,0,0,1,2,22,2,1,1,2,1,1,1,1
1,12,2,3,15,0,2,2,0,0,1,2,23,2,1,1,2,1,1,1,1
0,12,2,3,15,0,2,2,0,0,1,2,23,2,1,1,2,1,1,1,1
0,12,2,3,15,0,2,2,0,0,1,2,23,2,1,1,2,1,1,0,1
0,12,2,4,15,0,2,2,0,0,1,2,23,2,1,1,2,1,1,0,1
0,12,1,4,15,0,2,2,0,0,1,2,23,2,1,1,2,1,1,0,1
0,12,1,5,15,0,2,2,0,0,1,2,23,2,1,1,2,1,1,0,1
0,12,1,5,15,0,2,2,0,0,1,1,23,2,1,1,2,1,1,0,1
1,12,1,5,15,0,2,2,0,0,1,1,23,2,1,1,2,1,1,0,1
1,12,1,5,15,0,2,2,0,0,1,1,23,2,2,1,2,1,1,0,1
1,12,1,5,16,0,2,2,0,0,1,1,23,2,2,1,2,1,1,0,1
1,12,1,4,16,0,2,2,0,0,1,1,23,2,2,1,2,1,1,0,1
1,12,1,4,16,1,2,2,0,0,1,1,23,2,2,1,2,1,1,0,1
1,12,1,4,16,1,2,2,0,0,1,1,23,2,2,1,2,2,1,0,1
0,12,1,4,16,1,2,2,0,0,1,1,23,2,2,1,2,2,1,0,1
0,12,1,4,16,1,1,2,0,0,1,1,23,2,2,1,2,2,1,0,1
0,12,1,5,16,1,1,2,0,0,1,1,23,2,2,1,2,2,1,0,1
0,12,1,5,16,2,1,2,0,0,1,1,23,2,2,1,2,2,1,0,1
0,12,1,5,16,2,1,2,0,0,1,2,23,2,2,1,2,2,1,0,1
0,12,1,5,16,2,1,1,0,0,1,2,23,2,2,1,2,2,1,0,1
0,12,1,5,16,2,1,1,0,0,1,2,24,2,2,1,2,2,1,0,1
0,12,1,5,16,2,1,1,0,0,2,2,24,2,2,1,2,2,1,0,1
0,12,0,5,16,2,1,1,0,0,2,2,24,2,2,1,2,2,1,0,1
0,12,0,5,16,2,1,1,0,0,2,2,24,2,2,1,1,2,1,0,1
0,12,0,5,17,2,1,1,0,0,2,2,24,2,2,1,1,2,1,0,1
0,12,0,5,17,2,1,1,0,0,2,2,24,2,2,1,1,1,1,0,1
0,12,0,4,17,2,1,1,0,0,2,2,24,2,2,1,1,1,1,0,1
0,12,0,4,17,2,1,1,0,0,2,2,24,2,2,1,1,2,1,0,1
0,11,0,4,17,2,1,1,0,0,2,2,24,2,2,1,1,2,1,0,1
0,11,0,4,17,2,1,1,0,0,2,2,24,2,2,1,1,1,1,0,1
0,11,0,4,17,2,1,1,0,0,2,2,24,2,2,1,2,1,1,0,1
0,12,0,4,17,2,1,1,0,0,2,2,24,2,2,1,2,1,1,0,1
0,12,0,4,17,2,1,1,0,0,2,2,24,2,2,1,2,1,0,0,1
0,12,0,4,17,2,1,1,0,0,2,2,23,2,2,1,2,1,0,0,1
0,11,0,4,17,2,1,1,0,0,2,2,23,2,2,1,2,1,0,0,1
0,10,0,4,17,2,1,1,0,0,2,2,23,2,2,1,2,1,0,0,1
0,10,0,4,17,2,1,1,0,0,2,2,24,2,2,1,2,1,0,0,1
0,10,0,4,16,2,1,1,0,0,2,2,24,2,2,1,2,1,0,0,1
0,10,0,4,16,2,1,1,0,0,1,2,24,2,2,1,2,1,0,0,1
0,10,0,4,16,3,1,1,0,0,1,2,24,2,2,1,2,1,0,0,1
0,10,0,4,16,3,1,1,0,0,1,2,24,2,2,2,2,1,0,0,1
1,10,0,4,16,3,1,1,0,0,1,2,24,2,2,2,2,1,0,0,1
1,10,1,4,16,3,1,1,0,0,1,2,24,2,2,2,2,1,0,0,1
1,10,1,4,16,3,1,1,0,0,1,2,24,2,1,2,2,1,0,0,1
1,10,0,4,16,3,1,1,0,0,1,2,24,2,1,2,2,1,0,0,1
1,10,0,4,16,3,1,1,0,0,1,2,24,2,1,2,2,1,0,1,1
1,10,0,4,16,3,1,1,0,0,1,2,24,2,1,2,2,1,1,1,1
1,10,0,4,16,2,1,1,0,0,1,2,24,2,1,2,2,1,1,1,1
1,10,0,4,16,2,1,1,0,0,1,2,24,1,1,2,2,1,1,1,1
1,10,0,4,16,2,1,1,0,0,2,2,24,1,1,2,2,1,1,1,1
1,10,0,4,16,2,1,1,0,0,2,2,24,1,0,2,2,1,1,1,1
1,10,0,4,16,2,1,1,0,0,2,2,24,1,0,3,2,1,1,1,1
1,10,0,4,16,2,1,1,0,0,2,2,25,1,0,3,2,1,1,1,1
1,10,0,3,16,2,1,1,0,0,2,2,25,1,0,3,2,1,1,1,1
1,10,0,3,16,2,1,1,0,0,2,2,25,1,0,2,2,1,1,1,1
1,10,1,3,16,2,1,1,0,0,2,2,25,1,0,2,2,1,1,1,1
1,10,1,3,16,2,1,1,0,0,2,2,25,0,0,2,2,1,1,1,1
0,10,1,3,16,2,1,1,0,0,2,2,25,0,0,2,2,1,1,1,1
0,10,1,3,16,3,1,1,0,0,2,2,25,0,0,2,2,1,1,1,1
0,10,2,3,16,3,1,1,0,0,2,2,25,0,0,2,2,1,1,1,1
0,10,2,3,17,3,1,1,0,0,2,2,25,0,0,2,2,1,1,1,1
0,10,2,3,17,2,1,1,0,0,2,2,25,0,0,2,2,1,1,1,1
1,10,2,3,17,2,1,1,0,0,2,2,25,0,0,2,2,1,1,1,1
0,10,2,3,17,2,1,1,0,0,2,1,25,0,0,2,2,1,1,1,1
0,10,2,3,17,2,1,1,0,0,2,1,24,0,0,2,2,1,1,1,1
0,10,2,3,17,2,1,1,0,0,2,1,23,0,0,2,2,1,1,1,1
0,10,2,3,17,2,0,1,0,0,2,1,23,0,0,2,2,1,1,1,1
0,10,2,3,17,2,0,1,0,0,2,2,23,0,0,2,2,1,1,1,1
0,10,2,3,17,2,1,1,0,0,2,2,23,0,0,2,2,1,1,1,1
0,10,2,3,17,1,1,1,0,0,2,2,23,0,0,2,2,1,1,1,1
0,10,2,3,17,1,0,1,0,0,2,2,23,0,0,2,2,1,1,1,1
0,10,2,3,17,0,0,1,0,0,2,2,23,0,0,2,2,1,1,1,1
0,10,2,3,17,0,0,1,0,0,2,1,23,0,0,2,2,1,1,1,1
0,10,2,3,17,1,0,1,0,0,2,1,23,0,0,2,2,1,1,1,1
0,10,2,3,17,1,0,1,0,0,2,1,23,0,1,2,2,1,1,1,1
0,10,2,3,17,2,0,1,0,0,2,1,23,0,1,2,2,1,1,1,1
0,10,2,3,17,2,1,1,0,0,2,1,23,0,1,2,2,1,1,1,1
0,10,2,3,17,2,1,1,0,0,2,1,22,0,1,2,2,1,1,1,1
0,10,2,3,18,2,1,1,0,0,2,1,23,0,1,2,2,1,1,1,1
0,11,2,3,18,2,1,1,0,0,2,1,23,0,1,2,2,1,1,1,1
0,11,2,3,18,2,1,1,0,0,2,2,23,0,1,2,2,1,1,1,1
0,11,2,3,18,2,1,1,0,0,2,2,24,0,1,2,2,1,1,1,1
0,11,2,3,18,2,1,1,0,0,2,2,23,0,1,3,2,1,1,1,1
0,11,2,3,18,2,1,1,0,0,1,2,23,0,1,3,2,1,1,1,1
0,11,2,3,18,2,1,1,0,0,1,2,23,0,2,3,2,1,1,1,1
0,11,2,3,18,2,1,1,0,0,1,2,23,0,2,3,2,1,0,1,1
0,11,2,3,18,2,1,1,0,0,1,2,23,0,1,3,2,1,0,1,1
0,11,2,3,18,1,1,1,0,0,1,2,23,0,1,3,2,1,0,1,1
0,11,2,3,18,1,1,1,0,0,1,2,23,0,2,3,2,1,0,1,1
0,11,2,3,18,1,0,1,0,0,1,2,23,0,2,3,2,1,0,1,1
0,11,2,3,18,1,0,1,0,0,1,2,23,0,2,3,3,1,0,1,1
0,11,2,3,18,1,0,1,0,0,1,2,23,1,2,3,3,1,0,1,1
0,11,2,2,18,1,0,1,0,0,1,2,23,1,2,3,3,1,0,1,1
0,11,2,2,18,1,0,1,0,0,1,2,23,1,1,3,3,1,0,1,1
0,10,2,2,18,1,0,1,0,0,1,2,23,1,1,3,3,1,0,1,1
0,10,2,2,18,1,0,1,0,0,1,2,23,1,1,3,3,2,0,1,1
0,10,2,2,18,1,0,1,0,0,1,2,23,1,2,3,3,2,0,1,1
0,11,2,2,18,1,0,1,0,0,1,2,23,1,2,3,3,2,0,1,1
0,11,2,2,18,2,0,1,0,0,1,2,23,1,2,3,3,2,0,1,1
0,11,1,2,18,2,0,1,0,0,1,2,23,1,2,3,3,2,0,1,1
0,11,1,2,19,2,0,1,0,0,1,2,23,1,2,3,3,2,0,1,1
0,11,1,2,19,2,0,1,0,0,2,2,23,1,2,3,3,2,0,1,1
0,11,1,2,19,2,0,1,0,0,2,2,23,1,2,2,3,2,0,1,1
1,11,1,2,19,2,0,1,0,0,2,2,23,1,2,2,3,2,0,1,1
1,11,2,2,19,2,0,1,0,0,2,2,23,1,2,2,3,2,0,1,1
1,11,2,2,19,2,0,2,0,0,2,2,23,1,2,2,3,2,0,1,1
1,11,2,2,19,2,0,2,0,0,2,2,23,1,2,2,3,2,0,0,1
1,11,2,2,19,2,0,3,0,0,2,2,23,1,2,2,3,2,0,0,1
1,11,2,2,19,2,0,3,0,0,2,2,23,1,2,2,2,2,0,0,1
1,11,2,2,19,2,0,3,0,0,2,2,23,1,2,2,1,2,0,0,1
1,11,1,2,19,2,0,3,0,0,2,2,23,1,2,2,1,2,0,0,1
1,11,1,1,19,2,0,3,0,0,2,2,23,1,2,2,1,2,0,0,1
1,11,1,1,19,2,0,3,0,0,2,2,22,1,2,2,1,2,0,0,1
1,11,1,1,19,2,0,3,0,0,2,2,22,1,2,2,0,2,0,0,1
1,11,1,1,19,2,0,2,0,0,2,2,22,1,2,2,0,2,0,0,1
1,11,1,1,19,2,0,2,0,0,1,2,22,1,2,2,0,2,0,0,1
1,11,1,1,18,2,0,2,0,0,1,2,22,1,2,2,0,2,0,0,1
1,11,1,1,19,2,0,2,0,0,1,2,22,1,2,2,1,2,0,0,1
1,11,2,1,19,2,0,2,0,0,1,2,22,1,2,2,1,2,0,0,1
1,10,2,1,19,2,0,2,0,0,1,2,22,1,2,2,1,2,0,0,1
1,11,2,1,20,2,0,2,0,0,1,2,22,1,2,2,1,2,0,0,1
1,11,2,1,21,2,0,2,0,0,1,2,22,1,2,2,1,2,0,0,1
1,11,2,1,21,2,0,2,0,0,1,2,22,1,2,1,1,2,0,0,1
1,11,2,1,21,3,0,2,0,0,1,2,22,1,2,1,1,2,0,0,1
1,11,2,1,21,3,0,2,0,0,1,2,21,1,2,1,1,2,0,0,1
1,11,1,1,21,3,0,2,0,0,1,2,21,1,2,1,1,2,0,0,1
1,11,1,1,21,4,0,2,0,0,1,2,21,1,2,1,1,2,0,0,1
1,11,1,1,21,4,0,2,0,0,1,2,21,1,2,1,1,1,0,0,1
1,11,1,1,21,4,0,2,0,0,1,2,21,1,2,1,1,1,1,0,1
1,10,1,1,21,4,0,2,0,0,1,2,21,1,2,1,1,1,1,0,1
1,10,1,1,21,4,0,2,0,0,1,2,21,0,2,1,1,1,1,0,1
1,10,1,1,21,4,0,2,0,0,1,2,20,0,2,1,1,1,1,0,1
1,10,1,1,21,4,0,2,0,0,1,2,20,0,2,2,1,1,1,0,1
1,10,1,1,21,3,0,2,0,0,1,2,20,0,2,2,1,1,1,0,1
1,10,1,2,21,3,0,2,0,0,1,2,20,0,2,2,1,1,1,0,1
1,10,1,2,21,3,0,3,0,0,1,2,20,0,2,2,1,1,1,0,1
1,10,1,2,21,3,0,3,0,0,1,1,20,0,2,2,1,1,1,0,1
1,10,1,2,21,3,1,3,0,0,1,1,20,0,2,2,1,1,1,0,1
1,10,1,2,22,3,1,3,0,0,1,1,20,0,2,2,1,1,1,0,1
1,10,2,2,22,3,1,3,0,0,1,1,20,0,2,2,1,1,1,0,1
0,10,2,2,22,3,1,3,0,0,1,1,20,0,2,2,1,1,1,0,1
0,10,2,2,22,3,0,3,0,0,1,1,20,0,2,2,1,1,1,0,1
0,10,2,2,22,3,0,3,0,0,1,1,20,0,2,2,1,2,1,0,1
0,11,2,2,22,3,0,3,0,0,1,1,20,0,2,2,1,2,1,0,1
0,11,2,2,22,3,0,3,0,0,1,1,20,0,2,3,1,2,1,0,1
0,11,2,2,22,3,0,3,0,0,1,2,20,0,2,3,1,2,1,0,1
0,11,2,2,22,3,0,3,0,0,1,2,20,0,2,2,1,2,1,0,1
0,11,2,2,22,3,1,3,0,0,1,2,20,0,2,2,1,2,1,0,1
0,11,2,2,22,2,1,3,0,0,1,2,20,0,2,2,1,2,1,0,1
0,11,2,2,22,2,1,3,0,0,1,2,20,0,2,2,2,2,1,0,1
0,11,2,2,22,2,1,3,0,0,1,2,20,0,2,2,3,2,1,0,1
0,11,2,2,22,2,1,3,0,0,1,2,19,0,2,2,3,2,1,0,1
0,11,2,2,21,2,1,3,0,0,1,2,19,0,2,2,3,2,1,0,1
0,12,2,2,21,2,1,3,0,0,1,2,19,0,2,2,3,2,1,0,1
0,12,2,3,21,2,1,3,0,0,1,2,19,0,2,2,3,2,1,0,1
0,12,2,3,21,2,1,3,0,0,1,2,19,0,2,1,3,2,1,0,1
0,11,2,3,21,2,1,3,0,0,1,2,19,0,2,1,3,2,1,0,1
0,11,2,3,22,2,1,3,0,0,1,2,19,0,2,1,3,2,1,0,1
1,11,2,3,22,2,1,3,0,0,1,2,19,0,2,1,3,2,1,0,1
1,11,2,3,22,2,1,3,0,0,1,2,19,0,2,1,3,2,1,1,1
1,11,2,3,22,2,1,3,0,0,1,2,19,0,1,1,3,2,1,1,1
1,12,2,3,22,2,1,3,0,0,1,2,19,0,1,1,3,2,1,1,1
1,12,2,3,22,2,1,3,0,0,2,2,19,0,1,1,3,2,1,1,1
1,12,2,3,22,2,2,3,0,0,2,2,19,0,1,1,3,2,1,1,1
1,12,2,3,22,2,3,3,0,0,2,2,19,0,1,1,3,2,1,1,1
1,12,1,3,22,2,3,3,0,0,2,2,19,0,1,1,3,2,1,1,1
1,12,0,3,22,2,3,3,0,0,2,2,19,0,1,1,3,2,1,1,1
0,7,0,2,24,2,2,2,0,0,2,0,19,2,2,4,2,2,0,0,1
0,8,0,2,24,2,2,2,0,0,2,0,19,2,2,4,2,2,0,0,1
0,8,0,2,25,2,2,2,0,0,2,0,19,2,2,4,2,2,0,0,1
0,8,0,2,25,2,1,2,0,0,2,0,19,2,2,4,2,2,0,0,1
0,8,1,2,25,2,1,2,0,0,2,0,19,2,2,4,2,2,0,0,1
0,8,1,2,25,2,1,2,0,0,2,1,19,2,2,4,2,2,0,0,1
0,8,1,2,25,2,1,2,0,0,2,1,19,2,2,3,2,2,0,0,1
0,8,1,2,25,2,1,2,0,0,2,1,20,2,2,3,2,2,0,0,1
0,8,1,2,25,2,1,2,0,0,2,1,20,2,2,4,2,2,0,0,1
0,8,1,1,25,2,1,2,0,0,2,1,20,2,2,4,2,2,0,0,1
0,8,1,1,25,2,2,2,0,0,2,1,20,2,2,4,2,2,0,0,1
0,8,1,1,25,2,2,2,0,0,2,1,20,2,2,4,1,2,0,0,1
0,7,1,1,25,2,2,2,0,0,2,1,20,2,2,4,2,2,0,0,1
0,7,1,1,25,2,2,2,0,0,2,1,20,1,2,4,2,2,0,0,1
0,7,1,1,25,2,2,2,0,0,2,0,20,1,2,4,2,2,0,0,1
0,7,1,1,25,2,2,2,0,0,2,0,20,1,2,4,2,2,0,1,1
0,7,1,1,25,2,2,3,0,0,2,0,20,1,2,4,2,2,0,1,1
0,7,1,1,25,2,1,3,0,0,2,0,20,1,2,4,2,2,0,1,1
0,7,1,1,25,2,0,3,0,0,2,0,20,1,2,4,2,2,0,1,1
0,6,1,1,25,2,0,3,0,0,2,0,20,1,2,4,2,2,0,1,1
0,6,2,1,25,2,0,3,0,0,2,0,20,1,2,4,2,2,0,1,1
0,6,2,1,25,2,0,3,0,0,2,0,20,1,2,3,2,2,0,1,1
0,6,2,1,25,2,0,3,0,0,2,0,20,1,2,3,2,1,0,1,1
0,6,2,1,25,2,1,3,0,0,2,0,20,1,2,3,2,1,0,1,1
0,6,2,2,25,2,1,3,0,0,2,0,20,1,2,3,2,1,0,1,1
0,6,2,2,25,2,1,3,0,0,2,0,20,2,2,3,2,1,0,1,1
0,6,2,2,25,2,0,3,0,0,2,0,20,2,2,3,2,1,0,1,1
0,6,2,2,25,2,0,3,0,0,2,0,21,2,2,3,2,1,0,1,1
0,6,2,2,25,2,0,3,0,0,2,1,21,2,2,3,2,1,0,1,1
0,6,2,2,25,2,0,3,0,0,2,1,21,2,2,3,3,1,0,1,1
0,6,2,2,25,2,0,3,0,0,2,1,21,2,2,3,3,1,1,1,1
0,6,2,2,25,2,0,3,0,0,2,1,21,1,2,3,3,1,1,1,1
0,6,1,2,25,2,0,3,0,0,2,1,21,1,2,3,3,1,1,1,1
0,6,1,2,25,2,0,3,0,0,2,0,21,1,2,3,3,1,1,1,1
0,6,1,2,25,2,0,3,0,0,2,0,20,1,2,3,3,1,1,1,1
0,6,1,1,25,2,0,3,0,0,2,0,20,1,2,3,3,1,1,1,1
0,6,1,1,25,2,0,3,0,0,2,1,20,1,2,3,3,1,1,1,1
0,6,1,1,25,2,0,3,0,0,2,1,20,1,2,3,2,1,1,1,1
0,6,1,1,25,2,1,3,0,0,2,1,20,1,2,3,3,1,1,1,1
0,6,1,1,26,2,1,3,0,0,2,1,20,1,2,3,3,1,1,1,1
0,6,1,1,26,2,0,3,0,0,2,1,20,1,2,3,3,1,1,1,1
0,6,1,1,26,2,0,3,0,0,1,1,20,1,2,3,3,1,1,1,1
0,6,1,1,26,2,0,3,0,0,1,1,21,1,2,3,3,1,1,1,1
0,6,1,1,26,2,0,3,0,0,1,1,21,1,2,3,3,1,0,1,1
1,6,1,1,26,2,0,3,0,0,1,1,21,1,2,3,3,1,0,1,1
1,6,1,2,26,2,0,3,0,0,1,1,21,1,2,3,3,1,0,1,1
1,6,1,3,26,2,0,3,0,0,1,1,21,1,2,3,3,1,0,1,1
1,6,1,3,26,2,0,3,0,0,1,2,21,1,2,3,3,1,0,1,1
1,6,0,3,26,2,0,3,0,0,1,2,21,1,2,3,3,1,0,1,1
1,12,2,3,15,0,1,1,0,0,1,0,23,1,0,1,2,1,0,0,1
0,10,2,2,18,3,3,2,0,0,2,2,25,1,0,2,3,2,0,0,1
0,10,2,2,18,4,3,2,0,0,2,2,25,1,0,2,3,2,0,0,1
0,10,2,2,19,4,3,2,0,0,2,2,25,1,0,2,3,2,0,0,1
0,11,2,2,19,4,3,2,0,0,2,2,25,1,0,2,3,2,0,0,1
0,11,2,2,19,4,3,2,0,0,2,2,25,1,0,2,3,1,0,0,1
0,11,2,3,19,4,3,2,0,0,2,2,25,1,0,2,3,2,0,0,1
0,11,1,3,19,4,3,2,0,0,2,2,25,1,0,2,3,2,0,0,1
0,11,1,2,19,4,3,2,0,0,2,2,25,1,0,2,3,2,0,0,1
0,11,1,2,19,4,3,2,0,0,2,2,25,1,0,2,3,2,1,0,1
0,11,1,2,19,4,3,2,0,0,2,2,26,1,0,2,3,2,1,0,1
0,11,1,2,19,4,3,2,0,0,1,2,26,1,0,2,3,2,1,0,1
0,11,1,2,19,4,3,2,0,0,1,2,26,1,0,3,3,2,1,0,1
0,11,1,1,19,4,3,2,0,0,1,2,26,1,0,3,3,2,1,0,1
0,11,1,1,19,3,3,2,0,0,1,2,26,1,0,3,3,2,1,0,1
0,11,1,1,19,3,3,2,0,0,1,2,26,1,0,3,3,2,1,1,1
0,11,1,0,19,3,3,2,0,0,1,2,26,1,0,3,3,2,1,1,1
0,11,0,1,19,3,3,2,0,0,1,2,26,1,0,3,3,2,1,1,1
0,11,0,1,19,2,3,2,0,0,1,2,26,1,0,3,3,2,1,1,1
0,11,1,1,19,2,3,2,0,0,1,2,26,1,0,3,3,2,1,1,1
0,10,1,1,19,2,3,2,0,0,1,2,26,1,0,3,3,2,1,1,1
0,10,1,1,19,2,3,2,0,0,1,2,26,1,0,3,3,2,0,1,1
0,10,1,1,20,2,3,2,0,0,1,2,26,1,0,3,3,2,0,1,1
0,10,1,1,20,2,3,2,0,0,1,2,26,1,0,3,3,1,0,1,1
0,10,1,1,20,2,3,2,0,0,1,1,26,1,0,3,3,1,0,1,1
0,9,1,1,20,2,3,2,0,0,1,1,26,1,0,3,3,1,0,1,1
0,9,1,1,20,2,3,2,0,0,1,0,26,1,0,3,3,1,0,1,1
0,9,1,1,20,2,3,2,0,0,1,0,26,1,0,3,3,2,0,1,1
0,9,1,1,20,2,3,2,0,0,2,0,26,1,0,3,3,2,0,1,1
0,9,1,1,20,2,3,2,0,0,2,0,26,1,0,2,3,2,0,1,1
0,9,1,1,20,2,3,2,0,0,2,0,26,0,0,2,3,2,0,1,1
0,9,1,1,20,2,3,2,0,0,1,0,26,0,0,2,3,2,0,1,1
0,9,1,1,20,2,3,2,0,0,1,0,26,0,0,2,2,2,0,1,1
0,9,1,1,21,2,3,2,0,0,1,0,26,0,0,2,2,2,0,1,1
0,9,1,1,21,2,3,2,0,0,2,0,26,0,0,2,2,2,0,1,1
0,9,1,1,21,2,2,2,0,0,2,0,26,0,0,2,2,2,0,1,1
0,9,1,1,21,2,2,1,0,0,2,0,26,0,0,2,2,2,0,1,1
0,9,1,1,20,2,2,1,0,0,2,0,26,0,0,2,2,2,0,1,1
1,9,1,1,20,2,2,1,0,0,2,0,26,0,0,2,2,2,0,1,1
1,10,1,1,20,2,2,1,0,0,2,0,26,0,0,2,2,2,0,1,1
1,10,2,1,20,2,2,1,0,0,2,0,26,0,0,2,2,2,0,1,1
1,9,2,1,20,2,2,1,0,0,2,0,26,0,0,2,2,2,0,1,1
1,9,2,1,20,2,1,1,0,0,2,0,26,0,0,2,2,2,0,1,1
0,9,2,1,20,2,1,1,0,0,2,0,26,0,0,2,2,2,0,1,1
0,9,2,1,20,2,1,1,0,0,2,0,26,0,0,2,2,2,0,0,1
0,9,1,1,20,2,1,1,0,0,2,0,26,0,0,2,2,2,0,0,1
0,9,1,1,20,2,1,1,0,0,2,0,26,1,0,2,2,2,0,0,1
0,9,0,1,20,2,1,1,0,0,2,0,26,0,0,2,2,2,0,0,1
0,9,0,1,20,2,1,1,0,0,2,0,26,0,0,3,2,2,0,0,1
0,9,0,1,19,2,1,1,0,0,2,0,26,0,0,3,2,2,0,0,1
0,9,0,1,19,1,1,1,0,0,2,0,26,0,0,3,2,2,0,0,1
0,9,0,1,19,1,1,1,0,0,1,0,26,0,0,3,2,2,0,0,1
1,9,0,1,19,1,1,1,0,0,1,0,26,0,0,3,2,2,0,0,1
1,9,0,1,19,1,1,1,0,0,1,0,27,0,0,3,2,2,0,0,1
1,9,1,1,19,1,1,1,0,0,1,0,27,0,0,3,2,2,0,0,1
1,9,0,1,19,1,1,1,0,0,1,0,27,0,0,3,2,2,1,0,1
1,9,0,1,19,1,1,1,0,0,1,0,27,0,0,3,2,2,1,1,1
1,9,0,1,19,1,1,1,0,0,2,0,27,0,0,3,2,2,1,1,1
1,9,0,1,19,1,0,1,0,0,2,0,27,0,0,3,2,2,1,1,1
1,9,0,1,19,1,0,1,0,0,2,0,27,0,0,3,1,2,1,1,1
1,9,0,1,19,1,0,1,0,0,2,0,27,0,0,3,2,1,1,1,1
0,9,0,1,19,1,0,1,0,0,2,0,27,0,0,3,2,1,1,1,1
0,9,0,1,19,1,0,1,0,0,2,0,27,0,0,3,2,1,0,1,1
1,9,0,1,19,1,0,1,0,0,2,0,27,0,0,3,2,1,0,1,1
1,9,0,1,19,1,0,1,0,0,2,0,27,0,0,3,2,1,0,0,1
1,9,0,1,19,0,0,1,0,0,2,0,27,0,0,3,2,1,0,0,1
1,9,0,0,19,0,0,1,0,0,2,0,27,0,0,3,2,1,0,0,1
1,9,0,0,19,0,0,1,0,0,2,0,27,1,0,3,2,1,0,0,1
1,9,0,0,20,0,0,1,0,0,2,0,27,1,0,3,2,1,0,0,1
1,9,0,0,21,0,0,1,0,0,2,0,27,1,0,3,2,1,0,0,1
0,9,0,0,21,0,0,1,0,0,2,0,27,1,0,3,2,1,0,0,1
0,9,0,0,21,0,0,1,0,0,2,0,27,1,0,3,2,1,1,0,1
0,9,0,0,21,0,1,1,0,0,2,0,27,1,0,3,2,1,1,0,1
0,9,0,0,21,0,1,1,0,0,1,0,27,1,0,3,2,1,1,0,1
0,9,0,0,21,0,1,1,0,0,1,0,27,1,0,3,1,1,1,0,1
0,9,0,0,21,0,1,1,0,0,1,0,27,1,0,2,1,1,1,0,1
0,9,0,0,21,0,1,1,0,0,1,1,27,1,0,2,1,1,1,0,1
0,9,0,0,21,0,1,1,0,0,1,2,27,1,0,2,1,1,1,0,1
1,9,0,0,21,0,1,1,0,0,1,2,27,1,0,2,1,1,1,0,1
1,9,0,0,21,0,1,1,0,0,1,2,27,1,0,2,1,2,1,0,1
1,9,0,0,21,0,1,1,0,0,1,2,27,1,0,2,0,2,1,0,1
1,9,0,0,21,0,1,1,0,0,1,2,27,1,0,2,0,2,0,0,1
1,9,0,0,21,0,1,1,0,0,1,2,28,1,0,2,0,2,0,0,1
1,9,0,0,21,0,1,1,0,0,1,2,28,1,0,2,1,2,0,0,1
1,9,0,0,20,0,1,1,0,0,1,2,28,1,0,2,1,2,0,0,1
1,9,0,0,19,0,1,1,0,0,1,2,28,1,0,2,1,2,0,0,1
1,9,0,0,19,0,1,1,0,0,1,2,28,1,0,2,1,2,0,1,1
1,9,0,0,19,0,1,1,0,0,1,2,28,1,0,2,0,2,0,1,1
1,9,0,0,19,0,1,1,0,0,1,2,28,1,1,2,0,2,0,1,1
1,9,0,0,19,0,1,1,0,0,1,2,28,1,1,1,0,2,0,1,1
1,9,0,0,19,0,1,1,0,0,1,2,28,1,1,1,0,2,0,0,1
1,9,0,0,19,0,1,1,0,0,1,2,28,0,1,1,0,2,0,0,1
1,9,0,0,19,0,1,1,0,0,1,2,28,1,2,1,0,2,0,0,1
1,9,0,0,19,0,0,1,0,0,1,2,28,1,2,1,0,2,0,0,1
1,10,0,0,19,0,0,1,0,0,1,2,28,1,2,1,0,2,0,0,1
1,10,0,0,19,0,0,1,0,0,1,2,28,1,2,1,0,2,1,0,1
1,10,0,0,19,0,0,1,0,0,1,2,28,1,2,2,0,2,1,0,1
1,10,0,0,19,0,0,1,0,0,1,2,28,1,2,2,1,2,1,0,1
1,10,1,0,19,0,0,1,0,0,1,2,28,1,2,2,1,2,1,0,1
0,10,1,1,20,2,1,2,0,0,1,2,28,1,0,3,0,2,1,1,1
0,10,1,1,20,2,1,3,0,0,1,2,28,1,0,3,0,2,1,1,1
0,10,1,1,20,2,1,3,0,0,1,2,28,1,0,3,0,2,0,1,1
0,10,1,1,20,2,1,3,0,0,1,2,28,1,0,4,0,2,0,1,1
0,10,0,1,20,2,1,3,0,0,1,2,28,1,0,4,0,2,0,1,1
0,11,0,1,20,2,1,3,0,0,1,2,28,1,0,4,0,2,0,1,1
0,11,1,1,20,2,1,3,0,0,1,2,28,1,0,4,0,2,0,1,1
0,11,1,1,20,2,1,3,0,0,1,2,27,1,0,4,0,2,0,1,1
0,11,1,1,20,3,1,3,0,0,1,2,27,1,0,4,0,2,0,1,1
0,11,1,1,20,4,1,3,0,0,1,2,27,1,0,4,0,2,0,1,1
0,12,1,1,20,4,1,3,0,0,1,2,27,1,0,4,0,2,0,1,1
0,12,1,1,20,4,1,3,0,0,1,2,27,2,0,4,0,2,0,1,1
0,12,1,1,20,4,1,3,0,0,1,2,27,2,0,4,0,1,0,1,1
0,12,0,1,20,4,1,3,0,0,1,2,27,2,0,4,0,1,0,1,1
0,12,0,1,20,4,1,3,0,0,1,2,27,2,0,3,0,1,0,1,1
0,12,0,1,20,4,1,3,0,0,1,2,27,1,0,3,0,1,0,1,1
0,12,0,1,20,4,0,3,0,0,1,2,27,1,0,3,0,1,0,1,1
0,12,0,1,20,4,0,3,0,0,1,2,27,0,0,3,0,1,0,1,1
0,12,0,1,20,4,0,4,0,0,1,2,27,0,0,3,0,1,0,1,1
0,12,0,1,20,4,0,4,0,0,1,2,27,0,0,3,0,1,1,1,1
0,11,0,1,20,4,0,4,0,0,1,2,27,0,0,3,0,1,1,1,1
0,11,0,1,20,3,0,4,0,0,1,2,27,0,0,3,0,1,1,1,1
0,11,0,1,19,3,0,4,0,0,1,2,27,0,0,3,0,1,1,1,1
0,11,0,1,19,2,0,4,0,0,1,2,27,0,0,3,0,1,1,1,1
0,11,0,1,19,2,0,4,0,0,2,2,27,0,0,3,0,1,1,1,1
1,11,0,1,19,2,0,4,0,0,2,2,27,0,0,3,0,1,1,1,1
1,11,0,1,19,3,0,4,0,0,2,2,27,0,0,3,0,1,1,1,1
1,11,0,0,19,3,0,4,0,0,2,2,27,0,0,3,0,1,1,1,1
1,11,0,0,19,3,0,4,0,0,2,2,27,0,0,4,0,1,1,1,1
1,12,0,0,19,3,0,4,0,0,2,2,27,0,0,4,0,1,1,1,1
1,12,0,0,19,3,0,4,0,0,2,2,27,0,0,3,0,1,1,1,1
1,12,0,0,19,3,0,4,0,0,2,2,27,0,0,3,0,1,0,1,1
1,12,0,0,19,3,0,4,0,0,2,2,26,0,0,3,0,1,0,1,1
1,12,0,0,19,4,0,4,0,0,2,2,26,0,0,3,0,1,0,1,1
1,12,0,0,19,4,0,4,0,0,2,1,26,0,0,3,0,1,0,1,1
1,13,0,0,19,4,0,2,0,0,1,0,25,2,0,3,1,1,0,0,1
1,13,0,0,19,4,0,1,0,0,1,0,25,2,0,3,1,1,0,0,1
1,13,0,0,19,4,0,1,0,0,1,0,25,2,0,2,1,1,0,0,1
1,13,0,0,19,4,0,1,0,0,1,1,25,2,0,3,1,1,0,0,1
1,13,0,0,18,4,0,1,0,0,1,1,25,2,0,3,1,1,0,0,1
1,13,0,0,18,4,0,1,0,0,1,1,24,2,0,3,1,1,0,0,1
1,13,0,1,18,4,0,1,0,0,1,1,24,2,0,3,1,1,0,0,1
1,13,0,1,18,4,0,1,0,0,1,1,23,2,0,3,1,1,0,0,1
1,13,0,1,18,4,0,1,0,0,1,1,23,2,0,3,2,1,0,0,1
1,13,0,1,18,4,0,1,0,0,2,1,23,2,0,3,2,1,0,0,1
1,13,0,1,18,4,0,1,0,0,2,2,23,2,0,3,2,1,0,0,1
1,13,0,1,19,4,0,1,0,0,2,2,23,2,0,3,2,1,0,0,1
1,13,0,2,19,4,0,1,0,0,2,2,23,2,0,3,2,1,0,0,1
1,13,0,3,19,4,0,1,0,0,2,2,23,2,0,3,2,1,0,0,1
1,13,0,3,19,4,0,1,0,0,2,1,23,2,0,3,2,1,0,0,1
1,13,0,3,19,4,0,1,0,0,2,1,23,1,0,3,2,1,0,0,1
1,13,0,3,19,4,0,1,0,0,2,1,23,1,0,3,2,1,0,1,1
1,13,0,3,19,4,0,2,0,0,2,1,23,1,0,3,2,1,0,1,1
1,13,0,3,19,4,0,3,0,0,2,1,23,1,0,3,2,1,0,1,1
1,13,0,3,18,4,0,3,0,0,2,1,23,1,0,3,2,1,0,1,1
1,13,0,3,18,4,1,3,0,0,2,1,23,1,0,3,2,1,0,1,1
1,13,0,3,18,4,1,4,0,0,2,1,23,1,0,3,2,1,0,1,1
1,13,0,3,18,4,1,4,0,0,2,1,23,0,0,3,2,1,0,1,1
1,13,0,3,18,4,2,4,0,0,2,1,23,0,0,3,2,1,0,1,1
1,13,0,3,18,4,2,4,0,0,2,1,23,0,0,4,2,1,0,1,1
1,13,0,3,18,4,2,4,0,0,2,1,23,0,0,4,2,1,1,1,1
1,13,0,4,18,4,2,4,0,0,2,1,23,0,0,4,2,1,1,1,1
1,13,0,4,18,4,2,4,0,0,2,1,23,0,0,4,2,1,0,1,1
1,13,0,4,18,4,2,4,0,0,2,1,23,0,1,4,2,1,0,1,1
1,13,0,4,18,3,2,4,0,0,2,1,23,0,1,4,2,1,0,1,1
1,13,0,5,18,3,2,4,0,0,2,1,23,0,1,4,2,1,0,1,1
1,13,0,5,18,3,2,4,0,0,2,1,23,0,1,4,2,1,0,0,1
1,13,0,5,18,3,2,4,0,0,2,1,22,0,1,4,2,1,0,0,1
1,13,0,5,18,3,2,4,0,0,2,1,22,0,1,3,2,1,0,0,1
1,13,1,5,18,3,2,4,0,0,2,1,22,0,1,3,2,1,0,0,1
1,13,1,5,17,3,2,4,0,0,2,1,22,0,1,3,2,1,0,0,1
1,13,1,5,17,3,2,4,0,0,1,1,22,0,1,3,2,1,0,0,1
1,13,1,5,17,3,2,3,0,0,1,1,22,0,1,3,2,1,0,0,1
1,13,1,5,17,3,3,3,0,0,1,1,22,0,1,3,2,1,0,0,1
1,13,1,5,17,2,3,3,0,0,1,1,22,0,1,3,2,1,0,0,1
1,13,1,5,18,2,3,3,0,0,1,1,22,0,1,3,2,1,0,0,1
1,13,1,5,18,2,3,3,0,0,1,2,22,0,1,3,2,1,0,0,1
0,12,0,1,20,1,3,4,0,0,1,1,20,1,0,4,3,1,1,1,1
0,12,0,1,20,1,3,4,0,0,1,1,20,2,0,4,3,1,1,1,1
0,12,0,1,20,1,2,4,0,0,1,1,20,2,0,4,3,1,1,1,1
0,11,0,1,20,1,2,4,0,0,1,1,20,2,0,4,3,1,1,1,1
0,11,0,1,20,1,2,4,0,0,1,1,20,2,0,4,3,1,0,1,1
0,11,0,0,20,1,2,4,0,0,1,1,20,2,0,4,3,1,0,1,1
0,11,0,0,20,1,2,4,0,0,1,1,19,2,0,4,3,1,0,1,1
0,11,0,0,20,1,2,4,0,0,2,1,19,2,0,4,3,1,0,1,1
0,11,0,0,20,1,2,4,0,0,2,1,19,2,0,4,2,1,0,1,1
0,11,0,0,19,1,2,4,0,0,2,1,19,2,0,4,2,1,0,1,1
0,11,0,0,19,0,2,4,0,0,2,1,19,2,0,4,2,1,0,1,1
0,11,0,0,19,0,3,4,0,0,2,1,19,2,0,4,2,1,0,1,1
0,11,0,0,19,0,3,3,0,0,2,1,19,2,0,4,2,1,0,1,1
0,11,0,0,19,0,3,3,0,0,2,2,19,2,0,4,2,1,0,1,1
0,11,0,0,18,0,3,3,0,0,2,2,19,2,0,4,2,1,0,1,1
0,11,0,0,18,0,3,3,0,0,2,2,19,2,0,4,2,1,1,1,1
0,11,0,0,18,0,3,3,0,0,2,2,19,2,0,4,3,1,0,1,1
0,10,0,0,18,0,3,3,0,0,2,2,19,2,0,4,3,1,0,1,1
0,10,1,0,18,0,3,3,0,0,2,2,19,2,0,4,3,1,0,1,1
0,10,1,0,17,0,3,3,0,0,2,2,19,2,0,4,3,1,0,1,1
0,10,1,0,17,0,3,3,0,0,2,2,19,2,0,4,3,1,0,0,1
1,10,1,0,17,0,3,3,0,0,2,2,19,2,0,4,3,1,0,0,1
1,10,1,0,17,0,3,3,0,0,2,2,19,2,0,4,3,1,1,0,1
1,10,1,0,17,0,3,3,0,0,1,2,19,2,0,4,3,1,1,0,1
1,10,1,0,17,0,3,3,0,0,1,2,19,2,0,3,3,1,1,0,1
1,10,1,0,17,0,3,3,0,0,2,2,19,2,0,3,3,1,1,0,1
1,9,1,0,17,0,3,3,0,0,2,2,19,2,0,3,3,1,1,0,1
1,9,1,0,17,0,3,3,0,0,1,2,19,2,0,3,3,1,1,0,1
1,9,1,0,17,0,3,3,0,0,1,2,19,2,0,3,2,1,1,0,1
1,9,1,0,17,0,3,3,0,0,1,2,19,2,0,3,2,1,1,1,1
1,8,1,0,17,0,3,3,0,0,1,2,19,2,0,3,2,1,1,1,1
0,8,1,0,17,0,3,3,0,0,1,2,19,2,0,3,2,1,1,1,1
0,7,1,0,17,0,3,3,0,0,1,2,19,2,0,3,2,1,1,1,1
0,7,1,0,17,0,3,3,0,0,1,2,19,2,0,4,2,1,1,1,1
0,7,1,0,17,0,3,3,0,0,1,2,19,2,0,4,1,1,1,1,1
0,9,2,3,16,0,1,4,0,0,2,2,22,2,1,1,2,1,1,0,1
0,9,2,3,16,0,1,4,0,0,2,2,22,2,1,1,1,1,1,0,1
0,9,2,3,16,0,1,4,0,0,2,2,22,2,1,1,1,2,1,0,1
0,9,2,3,16,0,1,4,0,0,1,2,22,2,1,1,1,2,1,0,1
0,9,2,3,16,0,1,4,0,0,1,2,22,2,2,1,1,2,1,0,1
0,9,1,3,16,0,1,4,0,0,1,2,22,2,2,1,1,2,1,0,1
0,9,1,3,16,0,1,3,0,0,1,2,22,2,2,1,1,2,1,0,1
0,9,1,3,16,0,1,3,0,0,1,2,22,2,2,1,1,2,1,1,1
0,9,1,3,17,0,1,3,0,0,1,2,22,2,2,1,1,2,1,1,1
0,8,1,3,17,0,1,3,0,0,1,2,22,2,2,1,1,2,1,1,1
1,8,1,3,17,0,1,3,0,0,1,2,22,2,2,1,1,2,1,1,1
1,8,1,3,17,0,1,3,0,0,1,2,22,2,1,1,1,2,1,1,1
1,8,1,3,17,0,2,3,0,0,1,2,22,2,1,1,1,2,1,1,1
1,8,1,3,16,0,2,3,0,0,1,2,22,2,1,1,1,2,1,1,1
1,8,1,3,16,0,2,4,0,0,1,2,22,2,1,1,1,2,1,1,1
1,8,1,3,16,0,2,4,0,0,1,2,22,1,1,1,1,2,1,1,1
1,9,1,3,16,0,2,4,0,0,1,2,22,1,1,1,1,2,1,1,1
1,8,1,3,16,0,2,4,0,0,1,2,22,1,1,1,0,2,1,1,1
1,8,1,3,15,0,2,4,0,0,1,2,22,1,1,1,0,2,1,1,1
1,8,1,3,15,0,2,4,0,0,1,2,22,1,1,1,0,2,1,0,1
1,8,1,3,15,0,2,4,0,0,1,2,21,1,1,1,0,2,1,0,1
1,8,1,3,15,0,1,4,0,0,1,2,21,1,1,1,0,2,1,0,1
1,8,1,3,15,0,1,4,0,0,1,2,21,1,0,1,0,2,1,0,1
1,12,2,3,13,0,1,2,0,0,1,1,22,1,1,1,2,1,0,0,1
1,12,2,3,13,0,1,2,0,0,2,1,22,1,1,1,2,1,0,0,1
1,13,0,2,14,0,0,3,0,0,2,1,23,1,0,1,0,2,1,1,1
1,13,0,2,14,0,0,3,0,0,1,1,23,1,0,1,0,2,1,1,1
0,13,0,2,14,0,0,3,0,0,1,1,23,1,0,1,0,2,1,1,1
0,13,0,2,14,0,0,4,0,0,1,1,23,1,0,1,0,2,1,1,1
0,13,0,2,14,0,0,4,0,0,1,1,24,1,0,1,0,2,1,1,1
0,13,0,2,14,0,0,4,0,0,1,1,24,1,1,1,0,2,1,1,1
0,13,0,2,15,0,0,4,0,0,1,1,24,1,1,1,0,2,1,1,1
0,13,0,2,14,0,0,4,0,0,1,2,24,1,0,1,0,2,1,1,1
0,13,0,2,14,0,0,4,0,0,1,2,24,1,0,1,0,2,0,1,1
0,13,0,2,14,0,0,4,0,0,1,1,24,1,0,1,0,2,0,1,1
0,13,0,2,14,0,0,4,0,0,1,1,24,1,0,2,0,2,0,1,1
0,13,0,2,14,0,1,4,0,0,1,1,24,1,0,2,0,2,0,1,1
0,13,0,2,14,0,1,4,0,0,1,1,24,1,0,2,0,2,0,0,1
1,13,0,2,14,0,1,4,0,0,1,1,24,1,0,2,0,2,0,0,1
1,13,0,2,14,0,1,4,0,0,1,1,24,1,1,2,0,2,0,0,1
0,13,0,2,14,0,1,4,0,0,1,1,24,1,2,2,0,2,0,0,1
0,13,0,2,15,0,1,4,0,0,1,1,24,1,2,2,0,2,0,0,1
0,13,0,2,15,0,1,4,0,0,1,1,24,2,2,2,0,2,0,0,1
0,13,1,2,15,0,1,4,0,0,1,1,24,2,2,2,0,2,0,0,1
0,13,1,2,15,0,1,4,0,0,1,1,24,2,2,2,0,2,1,0,1
0,13,1,2,15,1,1,4,0,0,1,1,24,2,2,2,0,2,1,0,1
0,13,2,2,15,1,1,4,0,0,1,1,24,2,2,2,0,2,1,0,1
0,13,2,2,15,1,1,3,0,0,1,1,24,2,2,2,0,2,1,0,1
0,13,2,2,15,2,1,3,0,0,1,1,24,2,2,2,0,2,1,0,1
0,13,2,2,15,2,1,3,0,0,1,1,24,2,1,2,0,2,1,0,1
0,13,2,2,15,2,1,3,0,0,1,1,23,2,1,2,0,2,1,0,1
0,13,2,2,15,2,1,3,0,0,1,2,23,2,1,2,0,2,1,0,1
0,13,2,2,15,2,1,3,0,0,1,2,23,2,1,3,0,2,1,0,1
0,13,2,2,15,2,0,3,0,0,1,2,23,2,1,3,0,2,1,0,1
0,13,2,2,15,1,0,3,0,0,1,2,23,2,1,3,0,2,1,0,1
0,13,2,2,15,1,0,3,0,0,1,2,23,1,1,3,0,2,1,0,1
0,13,2,2,16,1,0,3,0,0,1,2,23,1,1,3,0,2,1,0,1
0,13,2,2,16,1,1,3,0,0,1,2,23,1,1,3,0,2,1,0,1
0,13,2,2,16,1,1,2,0,0,1,2,23,1,1,3,0,2,1,0,1
0,13,1,2,16,1,1,2,0,0,1,2,23,1,1,3,0,2,1,0,1
0,13,1,2,16,1,1,1,0,0,1,2,23,1,1,3,0,2,1,0,1
0,13,1,2,16,1,1,2,0,0,1,2,22,1,1,3,0,2,1,0,1
0,13,1,2,16,1,1,2,0,0,1,2,22,1,1,3,0,2,1,1,1
0,13,1,2,16,2,1,2,0,0,1,2,22,1,1,3,0,2,1,1,1
1,13,1,2,16,2,1,2,0,0,1,2,22,1,1,3,0,2,1,1,1
1,13,1,2,16,2,1,2,0,0,2,2,22,1,1,3,0,2,1,1,1
1,13,1,2,16,2,1,2,0,0,2,2,22,1,0,3,0,2,1,1,1
0,21,2,2,17,3,1,3,0,1,4,1,21,0,1,1,1,1,0,0,-1
0,21,2,1,17,3,1,3,0,1,4,1,21,0,1,1,1,1,0,0,-1
0,21,2,1,17,3,1,3,0,1,4,1,21,0,0,1,1,1,0,0,-1
0,21,2,1,17,3,1,3,0,1,4,1,21,0,0,1,1,1,1,0,-1
0,21,2,1,17,3,1,3,0,1,3,1,21,0,0,1,1,1,1,0,-1
0,21,2,1,17,3,1,3,0,1,3,1,22,0,0,1,1,1,1,0,-1
0,21,1,1,17,3,1,3,0,1,3,1,22,0,0,1,1,1,1,0,-1
0,21,1,1,17,3,1,3,0,1,3,1,21,0,0,1,1,1,1,0,-1
0,21,1,1,17,3,1,3,0,1,4,1,21,0,0,1,1,1,1,0,-1
0,21,1,1,17,3,1,3,0,2,4,1,21,0,0,1,1,1,1,0,-1
0,21,1,2,17,3,1,3,0,2,4,1,21,0,0,1,1,1,1,0,-1
0,21,1,2,17,3,1,3,0,2,3,1,21,0,0,1,1,1,1,0,-1
0,21,1,2,17,3,1,3,0,2,2,1,21,0,0,1,1,1,1,0,-1
0,21,1,2,18,3,1,3,0,2,2,1,21,0,0,1,1,1,1,0,-1
0,21,1,2,18,3,1,3,0,2,2,0,21,0,0,1,1,1,1,0,-1
0,21,1,2,18,3,1,3,0,2,1,0,21,0,0,1,1,1,1,0,-1
0,21,1,2,18,3,1,3,0,2,1,0,21,0,0,1,2,1,1,0,-1
0,21,1,2,18,2,1,3,0,2,1,0,21,0,0,1,2,1,1,0,-1
0,21,1,2,18,2,1,3,0,1,1,0,21,0,0,1,2,1,1,0,-1
0,21,0,2,18,2,1,3,0,1,1,0,21,0,0,1,2,1,1,0,-1
0,21,0,2,18,2,1,3,0,0,1,0,21,0,0,1,2,1,1,0,-1
0,21,0,2,18,2,1,3,0,0,1,0,21,0,0,1,2,1,0,0,-1
0,21,0,2,18,2,1,3,0,0,2,0,21,0,0,1,2,1,0,0,-1
0,21,0,2,18,1,1,3,0,0,2,0,21,0,0,1,2,1,0,0,-1
0,21,0,2,18,1,1,3,0,0,2,0,21,1,0,1,2,1,0,0,-1
0,21,0,2,19,1,1,3,0,0,2,0,21,1,0,1,2,1,0,0,-1
0,21,0,2,20,1,1,3,0,0,2,0,21,1,0,1,2,1,0,0,-1
0,21,0,3,20,1,1,3,0,0,2,0,21,1,0,1,2,1,0,0,-1
0,21,0,3,20,1,1,3,0,0,2,0,21,1,0,1,2,1,0,1,-1
0,21,0,3,20,1,1,3,0,0,3,0,21,1,0,1,2,1,0,1,-1
0,21,1,3,20,1,1,3,0,0,3,0,21,1,0,1,2,1,0,1,-1
0,21,1,3,21,1,1,3,0,0,3,0,21,1,0,1,2,1,0,1,-1
0,21,0,3,19,1,1,3,0,0,3,0,21,1,0,1,2,1,0,1,-1
0,21,0,3,19,2,1,3,0,0,3,0,21,1,0,1,2,1,0,1,-1
0,21,0,3,19,2,1,3,0,0,3,0,21,1,0,1,2,1,0,0,-1
0,20,0,3,19,2,1,3,0,0,3,0,21,1,0,1,2,1,0,0,-1
0,20,0,3,19,2,0,3,0,0,3,0,21,1,0,1,2,1,0,0,-1
0,20,0,3,19,2,0,3,0,0,3,0,20,1,0,1,2,1,0,0,-1
0,20,1,3,19,2,0,3,0,0,3,0,20,1,0,1,2,1,0,0,-1
0,21,1,3,19,2,0,3,0,0,3,0,20,1,0,1,2,1,0,0,-1
0,21,1,3,19,2,0,3,0,0,4,0,20,1,0,1,2,1,0,0,-1
0,21,1,3,19,1,0,3,0,0,4,0,20,1,0,1,2,1,0,0,-1
0,21,1,3,19,1,0,3,0,0,4,0,20,1,0,1,2,1,1,0,-1
0,21,1,3,19,1,0,3,0,0,4,0,19,1,0,1,2,1,1,0,-1
0,21,2,3,19,1,0,3,0,0,4,0,19,1,0,1,2,1,1,0,-1
0,21,2,3,19,0,0,3,0,0,4,0,19,1,0,1,2,1,1,0,-1
0,22,2,3,19,0,0,3,0,0,4,0,19,1,0,1,2,1,1,0,-1
0,23,2,3,19,0,0,3,0,0,4,0,19,1,0,1,2,1,1,0,-1
0,23,2,3,19,0,0,3,0,0,4,0,19,1,0,1,2,1,1,1,-1
0,23,2,3,19,0,0,3,0,0,3,0,19,1,0,1,2,1,1,1,-1
0,23,2,3,20,0,0,3,0,0,4,0,19,1,0,1,2,1,1,1,-1
0,23,2,3,21,0,0,3,0,0,4,0,19,1,0,1,2,1,1,1,-1
0,23,2,3,21,0,0,3,0,0,3,0,19,1,0,1,2,1,1,1,-1
0,23,2,3,21,0,0,3,0,0,3,1,19,1,0,1,2,1,1,1,-1
0,22,2,3,21,0,0,3,0,0,3,1,19,1,0,1,2,1,1,1,-1
0,22,2,3,21,0,0,3,0,0,3,1,20,1,0,1,2,1,1,1,-1
0,22,2,2,21,0,0,3,0,0,3,1,20,1,0,1,2,1,1,1,-1
0,22,2,2,21,0,0,3,0,0,2,1,20,1,0,1,2,1,1,1,-1
0,22,1,2,21,0,0,3,0,0,2,1,20,1,0,1,2,1,1,1,-1
0,22,1,2,21,0,0,3,0,0,2,1,20,1,0,1,2,1,0,1,-1
0,22,1,2,21,0,0,3,0,0,2,0,20,1,0,1,2,1,0,1,-1
0,22,1,2,21,0,0,3,0,0,2,0,20,1,1,1,2,1,0,1,-1
0,22,1,2,21,0,0,3,0,0,2,0,20,1,1,1,3,1,0,1,-1
0,22,1,2,21,0,0,3,0,0,2,1,20,1,1,1,3,1,0,1,-1
0,22,1,2,21,0,0,3,0,0,2,1,20,0,1,1,3,1,0,1,-1
0,22,1,2,21,0,0,2,0,0,2,1,20,0,1,1,3,1,0,1,-1
0,22,1,2,21,0,0,2,0,0,2,1,20,0,1,1,2,1,0,1,-1
0,22,1,2,21,0,1,2,0,0,2,1,20,0,1,1,2,1,0,1,-1
0,22,0,2,21,0,0,2,0,0,2,1,20,0,1,1,2,1,0,1,-1
0,22,0,2,21,0,0,2,0,0,1,1,20,0,1,1,2,1,0,1,-1
1,12,2,3,14,3,2,2,0,0,1,0,25,2,1,1,2,1,1,0,1
1,12,2,3,14,3,2,2,0,0,2,0,25,2,1,1,2,1,1,0,1
1,12,2,3,14,3,2,2,0,0,2,0,24,2,1,1,2,1,1,0,1
1,12,2,3,14,3,2,2,0,0,2,0,24,2,1,1,2,1,0,0,1
1,12,2,3,14,3,2,2,0,0,2,0,24,2,0,1,2,1,0,0,1
1,12,2,3,14,3,2,2,0,0,2,0,24,2,0,1,2,1,0,1,1
1,11,2,3,14,3,2,2,0,0,2,0,24,2,0,1,2,1,0,1,1
1,11,2,3,13,3,2,2,0,0,2,0,24,2,0,1,2,1,0,1,1
1,11,2,3,13,2,2,2,0,0,2,0,24,2,0,1,2,1,0,1,1
0,12,2,3,29,0,3,2,0,0,1,0,27,2,1,1,2,1,0,0,1
0,12,2,2,29,0,3,2,0,0,1,0,27,2,1,1,2,1,0,0,1
0,12,2,2,29,0,3,1,0,0,1,0,27,2,1,1,2,1,0,0,1
0,12,2,2,29,0,3,1,0,0,1,0,27,2,1,1,2,1,1,0,1
0,12,2,2,30,0,3,1,0,0,1,0,27,2,1,1,2,1,1,0,1
0,12,2,2,31,0,3,1,0,0,1,0,27,2,1,1,2,1,1,0,1
0,12,2,2,31,0,3,1,0,0,1,0,26,2,1,1,2,1,1,0,1
0,12,2,2,31,0,3,2,0,0,1,0,26,2,1,1,2,1,1,0,1
0,12,1,2,31,0,3,2,0,0,1,0,26,2,1,1,2,1,1,0,1
1,12,1,2,31,0,3,2,0,0,1,0,26,2,1,1,2,1,1,0,1
1,12,1,2,30,0,3,2,0,0,1,0,26,2,1,1,2,1,1,0,1
1,12,1,2,30,0,3,2,0,0,1,0,26,2,1,1,2,1,0,0,1
1,13,1,2,30,0,3,2,0,0,1,0,26,2,1,1,2,1,0,0,1
1,13,1,2,30,0,3,2,0,0,1,1,26,2,1,1,2,1,0,0,1
0,13,1,2,30,0,3,2,0,0,1,1,26,2,1,1,2,1,0,0,1
0,13,1,3,30,0,3,2,0,0,1,1,26,2,1,1,2,1,0,0,1
0,13,1,4,30,0,3,2,0,0,1,1,26,2,1,1,2,1,0,0,1
0,13,1,4,30,0,3,3,0,0,1,1,26,2,1,1,2,1,0,0,1
1,13,1,4,30,0,3,3,0,0,1,1,26,2,1,1,2,1,0,0,1
1,13,1,4,30,0,3,4,0,0,1,1,26,2,1,1,2,1,0,0,1
1,13,1,4,31,0,3,4,0,0,1,1,26,2,1,1,2,1,0,0,1
1,13,1,4,31,0,3,4,0,0,1,0,26,2,1,1,2,1,0,0,1
1,12,1,4,31,0,3,4,0,0,1,0,26,2,1,1,2,1,0,0,1
1,12,1,3,31,0,3,4,0,0,1,0,26,2,1,1,2,1,0,0,1
1,13,1,3,31,0,3,4,0,0,1,0,26,2,1,1,2,1,0,0,1
1,13,1,3,31,0,3,4,0,0,1,0,26,2,1,1,1,1,0,0,1
1,13,1,3,31,1,3,4,0,0,1,0,26,2,1,1,1,1,0,0,1
1,13,1,3,31,1,3,4,0,0,2,0,26,2,1,1,1,1,0,0,1
1,13,1,3,31,1,3,4,0,0,2,0,26,2,1,2,1,1,0,0,1
1,13,1,3,31,1,3,3,0,0,2,0,26,2,1,2,1,1,0,0,1
0,30,2,2,24,0,3,3,0,0,4,0,23,2,0,1,2,1,0,0,-1
0,30,2,2,24,0,3,3,0,0,4,0,23,2,0,1,1,1,0,0,-1
0,30,2,2,24,0,3,3,0,0,4,0,23,2,0,1,1,1,0,1,-1
0,30,2,1,24,0,3,3,0,0,4,0,23,2,0,1,1,1,0,1,-1
0,30,2,1,24,0,3,3,0,0,4,0,23,2,0,1,1,1,1,1,-1
0,30,2,1,23,0,3,3,0,0,4,0,23,2,0,1,1,1,1,1,-1
0,30,2,2,23,0,3,3,0,0,4,0,23,2,0,1,1,1,1,1,-1
0,30,2,2,23,0,3,3,0,0,4,0,23,2,1,1,1,1,1,1,-1
0,30,2,2,23,0,3,3,0,0,4,0,23,2,1,1,1,1,1,0,-1
0,30,2,2,23,0,3,4,0,0,4,0,23,2,1,1,1,1,1,0,-1
0,30,2,2,23,0,3,4,0,0,4,1,23,2,1,1,1,1,1,0,-1
0,30,2,2,23,0,3,4,0,0,4,1,23,2,1,1,1,1,0,0,-1
0,30,2,2,23,0,3,4,0,0,4,1,24,2,1,1,1,1,0,0,-1
0,30,2,2,24,0,3,4,0,0,4,1,24,2,1,1,1,1,0,0,-1
0,30,2,2,24,0,3,4,0,0,4,1,24,2,1,1,0,1,0,0,-1
0,30,2,1,24,0,3,4,0,0,4,1,24,2,1,1,0,1,0,0,-1
0,30,2,1,24,0,3,4,0,0,4,1,24,2,2,1,0,1,0,0,-1
0,30,2,1,24,0,3,4,0,0,4,1,24,2,2,1,0,1,0,1,-1
0,30,2,1,24,0,3,4,0,0,4,1,25,2,2,1,0,1,0,1,-1
0,30,2,1,24,0,3,4,0,0,4,0,25,2,2,1,0,1,0,1,-1
0,30,2,1,24,0,3,4,0,0,4,0,25,2,2,1,0,1,1,1,-1
0,30,2,1,24,0,3,4,0,0,4,0,25,2,2,1,1,1,1,1,-1
0,30,2,1,24,0,3,4,0,0,4,0,25,2,2,1,1,1,0,1,-1
0,30,2,1,24,0,3,4,0,1,4,0,25,2,2,1,1,1,0,1,-1
0,30,2,1,24,0,3,4,0,1,4,0,25,2,2,1,1,1,1,1,-1
0,30,2,1,24,0,3,4,0,1,4,0,25,1,2,1,1,1,1,1,-1
0,30,2,1,23,0,3,4,0,1,4,0,25,1,2,1,1,1,1,1,-1
0,30,2,1,23,0,3,4,0,1,3,0,25,1,2,1,1,1,1,1,-1
0,30,2,1,23,0,3,4,0,1,3,0,25,2,2,1,1,1,1,1,-1
0,30,2,1,23,0,2,4,0,1,3,0,25,2,2,1,1,1,1,1,-1
0,29,1,2,24,2,1,2,0,1,1,0,25,1,0,1,2,1,1,1,-1
0,29,0,2,24,2,1,2,0,1,1,0,25,1,0,1,2,1,1,1,-1
0,29,0,2,24,2,1,2,0,0,1,0,25,1,0,1,2,1,1,1,-1
0,29,0,2,23,2,1,2,0,0,1,0,25,1,0,1,2,1,1,1,-1
0,29,0,2,23,2,1,2,0,0,2,0,25,1,0,1,2,1,1,1,-1
0,29,0,2,23,2,1,1,0,0,2,0,25,1,0,1,2,1,1,1,-1
0,28,0,2,23,2,1,1,0,0,2,0,25,1,0,1,2,1,1,1,-1
0,28,0,2,23,2,1,1,0,0,1,0,25,1,0,1,2,1,1,1,-1
0,28,0,2,23,2,0,1,0,0,1,0,25,1,0,1,2,1,1,1,-1
0,28,0,2,23,2,0,1,0,1,1,0,25,1,0,1,2,1,1,1,-1
0,28,0,2,23,2,0,1,0,1,1,1,25,1,0,1,2,1,1,1,-1
0,28,0,2,23,2,0,1,0,0,1,1,25,1,0,1,2,1,1,1,-1
0,27,0,2,23,2,0,1,0,0,1,1,25,1,0,1,2,1,1,1,-1
0,27,0,2,23,2,0,1,0,0,1,0,25,1,0,1,2,1,1,1,-1
0,27,0,2,23,2,0,1,0,0,1,0,25,1,0,1,1,1,1,1,-1
0,27,0,2,23,2,0,1,0,0,1,0,25,1,0,1,1,1,0,1,-1
0,27,0,2,23,1,0,1,0,0,1,0,25,1,0,1,1,1,0,1,-1
0,27,0,2,23,1,0,1,0,0,1,0,24,1,0,1,1,1,0,1,-1
0,27,0,2,24,1,0,1,0,0,1,0,25,1,0,1,1,1,0,1,-1
0,27,0,2,24,1,0,1,0,0,1,1,25,1,0,1,1,1,0,1,-1
0,27,0,2,24,1,0,1,0,0,1,1,24,1,0,1,1,1,0,1,-1
0,27,0,2,24,1,1,1,0,0,1,1,24,1,0,1,1,1,0,1,-1
0,27,0,2,24,1,2,1,0,0,1,1,24,1,0,1,1,1,0,1,-1
0,27,0,2,24,1,2,1,0,0,1,1,25,1,0,1,1,1,0,1,-1
0,27,0,2,24,1,2,1,0,0,2,1,25,1,0,1,1,1,0,1,-1
0,27,0,2,24,1,2,1,0,1,2,1,25,1,0,1,1,1,0,1,-1
0,27,0,1,24,1,2,1,0,1,2,1,25,1,0,1,1,1,0,1,-1
0,27,0,1,24,1,2,1,0,1,2,1,24,1,0,1,1,1,0,1,-1
0,12,2,2,18,0,1,4,0,0,2,2,22,2,0,1,2,1,0,0,1
0,9,2,2,21,0,2,3,0,0,2,1,25,2,1,1,2,1,0,0,1
0,9,2,2,21,0,2,3,0,0,1,1,25,2,1,1,2,1,0,0,1
0,9,2,2,21,0,2,3,0,0,1,1,25,2,2,1,2,1,0,0,1
0,9,1,2,21,0,2,3,0,0,1,1,25,2,2,1,2,1,0,0,1
0,9,0,2,21,0,2,3,0,0,1,1,25,2,2,1,2,1,0,0,1
0,9,0,2,21,0,1,3,0,0,1,1,25,2,2,1,2,1,0,0,1
0,9,0,2,21,0,1,2,0,0,1,1,25,2,2,1,2,1,0,0,1
0,9,0,2,21,0,1,2,0,0,1,0,25,2,2,1,2,1,0,0,1
0,9,0,2,21,0,1,2,0,0,1,0,25,2,2,1,1,1,0,0,1
0,9,0,2,21,0,1,2,0,0,1,0,25,2,2,1,0,1,0,0,1
0,9,0,2,21,0,1,2,0,0,1,0,25,2,2,1,0,1,0,1,1
0,9,0,2,21,0,1,1,0,0,1,0,25,2,2,1,0,1,0,1,1
0,9,0,2,21,0,1,1,0,0,1,1,25,2,2,1,0,1,0,1,1
0,9,0,2,22,0,1,1,0,0,1,1,25,2,2,1,0,1,0,1,1
0,9,0,2,22,0,1,1,0,0,1,1,25,2,2,1,0,1,0,0,1
0,9,0,2,22,0,1,1,0,0,1,1,25,2,2,2,0,1,0,0,1
0,9,0,2,22,0,1,1,0,0,1,1,25,2,2,2,1,1,0,0,1
0,9,1,2,22,0,1,1,0,0,1,1,25,2,2,2,1,1,0,0,1
0,9,1,1,22,0,1,1,0,0,1,1,25,2,2,2,1,1,0,0,1
0,9,1,1,22,0,1,1,0,0,1,1,25,2,2,3,1,1,0,0,1
0,9,1,1,22,0,1,1,0,0,1,1,26,2,2,3,1,1,0,0,1
0,9,1,1,22,0,1,1,0,0,1,0,26,2,2,3,1,1,0,0,1
0,9,1,1,22,0,1,1,0,0,1,0,26,2,2,3,1,2,0,0,1
0,9,1,1,22,0,1,2,0,0,1,0,26,2,2,3,1,2,0,0,1
0,9,1,2,22,0,1,2,0,0,1,0,26,2,2,3,1,2,0,0,1
0,9,1,2,22,0,1,2,0,0,1,0,26,2,2,3,1,1,0,0,1
1,9,1,2,22,0,1,2,0,0,1,0,26,2,2,3,1,1,0,0,1
1,9,2,2,22,0,1,2,0,0,1,0,26,2,2,3,1,1,0,0,1
1,9,2,2,22,0,1,2,0,0,1,0,26,2,2,3,2,1,0,0,1
1,9,2,2,22,0,0,2,0,0,1,0,26,2,2,3,2,1,0,0,1
1,9,2,2,22,0,0,2,0,0,1,0,26,2,2,3,2,1,0,1,1
1,9,2,2,22,0,0,2,0,0,1,1,26,2,2,3,2,1,0,1,1
0,5,1,8,16,0,3,2,0,0,1,1,21,0,2,4,3,2,1,1,1
0,5,1,8,16,0,3,2,0,0,1,0,21,0,2,4,3,2,1,1,1
0,5,0,8,16,0,3,2,0,0,1,0,21,0,2,4,3,2,1,1,1
0,5,0,8,16,0,3,2,0,0,1,0,22,0,2,4,3,2,1,1,1
0,5,0,8,16,0,2,2,0,0,1,0,22,0,2,4,3,2,1,1,1
1,5,0,8,16,0,2,2,0,0,1,0,22,0,2,4,3,2,1,1,1
1,5,0,7,16,0,2,2,0,0,1,0,22,0,2,4,3,2,1,1,1
1,5,0,7,16,0,2,2,0,0,1,0,22,1,2,4,3,2,1,1,1
1,5,0,7,16,0,2,2,0,0,2,0,22,1,2,4,3,2,1,1,1
0,5,0,7,16,0,2,2,0,0,1,0,22,1,2,4,3,2,1,1,1
0,5,0,7,16,0,2,1,0,0,1,0,22,1,2,4,3,2,1,1,1
0,5,0,7,16,0,1,1,0,0,1,0,22,1,2,4,3,2,1,1,1
0,5,0,7,16,0,1,1,0,0,1,0,22,0,2,4,3,2,1,1,1
0,5,0,7,16,0,1,1,0,0,1,0,22,0,2,4,3,2,0,1,1
0,5,0,7,16,0,1,1,0,0,1,0,22,0,2,4,3,2,0,0,1
0,5,0,7,16,0,1,1,0,0,2,0,22,0,2,4,3,2,0,0,1
0,5,0,7,16,0,0,1,0,0,2,0,22,0,2,4,3,2,0,0,1
0,6,0,7,16,0,0,1,0,0,2,0,22,0,2,4,3,2,0,0,1
1,6,0,7,16,0,0,1,0,0,2,0,22,0,2,4,3,2,0,0,1
1,6,0,8,16,0,0,1,0,0,2,0,22,0,2,4,3,2,0,0,1
1,7,0,7,16,0,0,1,0,0,2,0,22,0,2,4,3,2,0,0,1
1,7,0,7,16,0,0,1,0,0,2,0,22,0,2,4,3,1,0,0,1
1,7,0,8,16,0,0,1,0,0,2,0,22,0,2,4,3,1,0,0,1
1,7,0,8,16,0,0,1,0,0,1,0,22,0,2,4,3,1,0,0,1
1,8,0,8,16,0,0,1,0,0,2,0,22,0,2,4,3,1,0,0,1
1,8,0,8,16,0,0,1,0,0,2,0,22,0,2,3,3,1,0,0,1
1,8,0,8,16,0,0,1,0,0,2,1,22,0,2,3,3,1,0,0,1
1,8,0,8,16,0,0,1,0,0,2,1,22,0,2,4,3,1,0,0,1
0,8,0,8,16,0,0,1,0,0,2,1,22,0,2,4,3,1,0,0,1
1,8,0,8,16,0,0,1,0,0,2,1,23,0,2,4,3,1,0,0,1
1,8,0,8,16,0,0,1,0,0,2,1,23,1,2,4,3,1,0,0,1
1,8,1,8,16,0,0,1,0,0,2,1,23,1,2,4,3,1,0,0,1
1,8,1,8,16,0,1,1,0,0,2,1,23,1,2,4,3,1,0,0,1
1,8,1,8,15,0,1,1,0,0,2,1,23,1,2,4,3,1,0,0,1
1,8,1,8,15,0,1,1,0,0,2,1,23,1,2,3,3,1,0,0,1
1,7,1,8,15,0,1,1,0,0,2,1,23,1,2,3,3,1,0,0,1
1,7,1,8,15,0,1,1,0,0,2,2,23,1,2,3,3,1,0,0,1
1,7,1,8,15,0,1,1,0,0,2,2,23,1,2,3,3,1,1,0,1
1,7,1,8,15,0,1,1,0,0,2,1,23,1,2,3,3,1,1,0,1
1,7,1,8,15,0,1,1,0,0,2,1,23,1,2,2,3,1,1,0,1
1,7,0,8,15,0,1,1,0,0,2,1,23,1,2,2,3,1,1,0,1
1,7,0,7,15,0,1,1,0,0,2,1,23,1,2,2,3,1,1,0,1
1,7,1,7,15,0,1,1,0,0,2,1,23,1,2,2,3,1,1,0,1
1,7,1,7,15,0,1,2,0,0,2,1,23,1,2,2,3,1,1,0,1
1,7,1,7,15,0,1,2,0,0,2,1,23,2,2,2,3,1,1,0,1
1,7,1,7,15,0,1,2,0,0,2,1,23,2,2,3,3,1,1,0,1
1,7,1,7,15,0,1,2,0,0,2,1,23,2,2,4,3,1,1,0,1
1,7,0,7,15,0,1,2,0,0,2,1,23,2,2,4,3,1,1,0,1
1,7,0,7,15,0,1,1,0,0,2,1,23,2,2,4,3,1,1,0,1
1,7,1,7,15,0,1,1,0,0,2,1,23,2,2,4,3,1,1,0,1
1,7,1,7,15,0,1,1,0,0,2,0,23,2,2,4,3,1,1,0,1
1,8,1,7,15,0,1,1,0,0,2,0,23,2,2,4,3,1,1,0,1
1,9,1,7,15,0,1,1,0,0,2,0,23,2,2,4,3,1,1,0,1
1,9,2,7,15,0,1,1,0,0,2,0,23,2,2,4,3,1,1,0,1
1,9,2,7,15,1,1,1,0,0,2,0,23,2,2,4,3,1,1,0,1
1,10,2,7,15,1,1,1,0,0,2,0,23,2,2,4,3,1,1,0,1
1,10,2,7,15,1,1,1,0,0,2,0,24,2,2,4,3,1,1,0,1
1,10,2,7,15,1,2,1,0,0,2,0,24,2,2,4,3,1,1,0,1
1,10,2,7,15,1,2,2,0,0,2,0,24,2,2,4,3,1,1,0,1
0,10,2,7,15,1,2,2,0,0,2,0,24,2,2,4,3,1,1,0,1
0,10,2,7,15,1,2,2,0,0,2,0,25,2,2,4,3,1,1,0,1
0,10,2,7,15,1,1,2,0,0,2,0,25,2,2,4,3,1,1,0,1
0,11,2,2,15,3,1,4,0,0,1,0,20,2,1,1,2,1,0,0,1
0,11,2,2,15,3,1,4,0,0,1,0,19,2,1,1,2,1,0,0,1
0,11,2,2,15,3,2,4,0,0,1,0,19,2,1,1,2,1,0,0,1
0,11,2,2,15,3,2,4,0,0,1,1,19,2,1,1,2,1,0,0,1
0,11,2,2,15,3,2,3,0,0,1,0,19,2,1,1,2,1,0,0,1
0,10,2,2,15,3,2,3,0,0,1,0,19,2,1,1,2,1,0,0,1
0,10,2,2,15,3,2,3,0,0,1,0,19,2,1,2,2,1,0,0,1
0,11,2,2,15,3,2,3,0,0,1,0,19,2,1,2,2,1,0,0,1
0,11,2,2,15,3,2,2,0,0,1,0,19,2,1,2,2,1,0,0,1
0,11,2,2,15,3,2,2,0,0,1,1,19,2,1,2,2,1,0,0,1
0,11,2,2,15,3,2,2,0,0,2,1,19,2,1,2,2,1,0,0,1
0,11,2,3,15,3,2,2,0,0,2,1,19,2,1,2,2,1,0,0,1
0,11,2,3,15,3,2,2,0,0,2,1,20,2,1,2,2,1,0,0,1
0,11,2,3,15,3,2,2,0,0,2,1,20,1,1,2,2,1,0,0,1
0,11,1,3,15,3,2,2,0,0,2,1,20,1,1,2,2,1,0,0,1
0,11,1,3,15,3,2,2,0,0,2,1,20,1,1,2,3,1,0,0,1
0,11,1,3,15,3,2,2,0,0,2,0,20,1,1,2,3,1,0,0,1
0,11,1,3,15,3,2,2,0,0,2,0,20,1,1,3,3,1,0,0,1
0,11,1,4,15,3,2,2,0,0,2,0,20,1,1,3,3,1,0,0,1
0,11,1,4,15,4,2,2,0,0,2,0,20,1,1,3,3,1,0,0,1
0,11,1,4,15,4,2,3,0,0,2,0,20,1,1,3,3,1,0,0,1
0,11,1,4,15,4,2,3,0,0,1,0,20,1,1,3,3,1,0,0,1
0,11,1,4,15,4,3,3,0,0,1,0,20,1,1,3,3,1,0,0,1
0,12,1,4,15,4,3,3,0,0,1,0,20,1,1,3,3,1,0,0,1
0,12,1,4,15,4,3,3,0,0,1,0,20,1,1,4,3,1,0,0,1
1,12,1,4,15,4,3,3,0,0,1,0,20,1,1,4,3,1,0,0,1
1,12,1,4,15,4,3,3,0,0,1,1,20,1,1,4,3,1,0,0,1
1,11,1,4,15,4,3,3,0,0,1,1,20,1,1,4,3,1,0,0,1
1,11,2,4,15,4,3,3,0,0,1,1,20,1,1,4,3,1,0,0,1
1,11,2,4,15,4,3,3,0,0,1,1,20,2,1,4,3,1,0,0,1
0,11,2,4,15,4,3,3,0,0,1,1,20,2,1,4,3,1,0,0,1
0,12,2,4,15,4,3,3,0,0,1,1,20,2,1,4,3,1,0,0,1
0,12,2,3,15,4,3,3,0,0,1,1,20,2,1,4,3,1,0,0,1
0,11,2,3,15,4,3,3,0,0,1,1,20,2,1,4,3,1,0,0,1
0,11,2,3,15,4,3,3,0,0,1,1,20,2,1,4,3,1,0,1,1
0,11,2,3,15,4,3,3,0,0,1,2,20,2,1,4,3,1,0,1,1
0,11,2,3,15,4,3,3,0,0,1,2,20,1,1,4,3,1,0,1,1
1,11,2,3,15,4,3,3,0,0,1,2,20,1,1,4,3,1,0,1,1
1,11,2,3,15,4,3,3,0,0,1,1,20,1,1,4,3,1,0,1,1
1,11,2,3,16,4,3,3,0,0,1,1,20,1,1,4,3,1,0,1,1
1,11,1,3,16,4,3,3,0,0,1,1,20,1,1,4,3,1,0,1,1
1,11,1,3,16,4,3,3,0,0,1,1,20,1,1,3,3,1,0,1,1
1,11,1,3,15,4,3,3,0,0,1,1,20,1,1,3,3,1,0,1,1
1,11,1,3,15,3,3,3,0,0,1,1,20,1,1,3,3,1,0,1,1
1,11,1,3,15,3,3,3,0,0,1,1,20,1,1,4,3,1,0,1,1
1,11,1,3,15,3,3,3,0,0,2,1,20,1,1,4,3,1,0,1,1
0,11,1,3,15,3,3,3,0,0,2,1,20,1,1,4,3,1,0,1,1
0,11,1,3,15,3,2,3,0,0,2,1,20,1,1,4,3,1,0,1,1
0,11,1,3,16,3,2,3,0,0,2,1,20,1,1,4,3,1,0,1,1
0,11,1,3,16,3,2,3,0,0,2,1,20,2,1,4,3,1,0,1,1
0,11,1,3,16,4,2,3,0,0,2,1,20,2,1,4,3,1,0,1,1
0,11,2,3,16,4,2,3,0,0,2,1,20,2,1,4,3,1,0,1,1
0,11,2,3,16,4,2,4,0,0,2,1,20,2,1,4,3,1,0,1,1
0,11,2,3,16,4,2,4,0,0,1,1,20,2,1,4,3,1,0,1,1
0,11,2,4,16,4,2,4,0,0,1,1,20,2,1,4,3,1,0,1,1
0,11,2,4,16,4,2,4,0,0,1,2,20,2,1,4,3,1,0,1,1
1,11,2,4,16,4,2,4,0,0,1,2,20,2,1,4,3,1,0,1,1
1,11,2,4,16,4,2,4,0,0,2,2,20,2,1,4,3,1,0,1,1
1,11,2,4,16,4,2,4,0,0,2,2,20,2,1,4,3,1,0,0,1
1,11,2,4,17,4,2,4,0,0,2,2,20,2,1,4,3,1,0,0,1
1,11,2,3,17,4,2,4,0,0,2,2,20,2,1,4,3,1,0,0,1
1,11,2,3,17,4,2,4,0,0,2,2,20,2,1,4,2,1,0,0,1
1,11,2,3,16,4,2,4,0,0,2,2,20,2,1,4,2,1,0,0,1
1,11,2,4,16,4,2,4,0,0,2,2,20,2,1,4,2,1,0,0,1
1,11,2,4,16,4,2,4,0,0,2,2,20,2,1,3,2,1,0,0,1
1,11,2,4,16,3,2,4,0,0,2,2,20,2,1,3,2,1,0,0,1
1,11,2,4,15,3,2,4,0,0,2,2,20,2,1,3,2,1,0,0,1
1,11,2,4,15,3,2,4,0,0,2,2,20,2,2,3,2,1,0,0,1
1,11,2,4,15,3,2,4,0,0,2,1,20,2,2,3,2,1,0,0,1
1,11,2,4,15,3,2,4,0,0,2,1,20,2,2,3,1,1,0,0,1
1,11,2,4,15,3,2,4,0,0,2,2,20,2,2,3,1,1,0,0,1
1,10,2,4,15,3,2,4,0,0,2,1,20,2,2,3,2,1,0,0,1
1,10,2,4,15,3,2,4,0,0,2,0,20,2,2,3,2,1,0,0,1
1,10,1,4,15,3,2,4,0,0,2,0,20,2,2,3,2,1,0,0,1
1,10,1,4,15,3,2,4,0,0,2,0,20,2,2,3,2,2,0,0,1
1,10,1,4,15,3,2,4,0,0,2,1,20,2,2,3,2,2,0,0,1
1,9,1,4,15,3,2,4,0,0,2,1,20,2,2,3,2,2,0,0,1
1,9,1,4,15,3,2,4,0,0,2,2,20,2,2,3,2,2,0,0,1
1,9,1,4,15,3,1,4,0,0,2,2,20,2,2,3,2,2,0,0,1
1,9,1,4,15,3,1,4,0,0,2,1,20,2,2,3,2,2,0,0,1
1,9,0,4,15,3,1,4,0,0,2,1,20,2,2,3,2,2,0,0,1
1,9,0,4,15,3,1,4,0,0,2,1,20,2,2,3,2,1,0,0,1
1,9,0,4,15,3,1,4,0,0,2,1,20,2,2,2,2,1,0,0,1
1,9,0,4,15,3,1,4,0,0,1,1,20,2,2,2,2,1,0,0,1
1,9,0,4,15,3,1,4,0,0,1,1,20,2,2,2,2,1,0,1,1
1,9,0,4,15,4,1,4,0,0,1,1,20,2,2,2,2,1,0,0,1
1,9,0,4,15,4,2,4,0,0,1,1,20,2,2,2,2,1,0,0,1
1,9,0,4,15,4,2,4,0,0,1,1,20,2,2,2,1,1,0,0,1
1,9,0,4,15,4,3,4,0,0,1,1,20,2,2,2,1,1,0,0,1
1,9,0,4,15,4,3,3,0,0,1,1,20,2,2,2,1,1,0,0,1
1,8,0,4,15,4,3,3,0,0,1,1,20,2,2,2,1,1,0,0,1
1,8,0,4,15,4,3,3,0,0,1,1,20,2,2,3,1,1,0,0,1
1,8,0,4,15,4,3,3,0,0,1,1,20,2,2,3,1,1,0,1,1
1,9,0,4,15,4,3,3,0,0,1,1,20,2,2,3,1,1,0,1,1
1,10,0,4,15,4,3,3,0,0,1,1,20,2,2,3,1,1,0,1,1
1,10,0,4,15,4,2,3,0,0,1,1,20,2,2,3,1,1,0,1,1
1,10,0,4,15,4,2,3,0,0,1,1,20,1,2,3,1,1,0,1,1
1,10,0,4,15,4,2,3,0,0,1,1,20,1,2,3,0,1,0,1,1
1,9,0,4,15,4,2,3,0,0,1,1,20,1,2,3,0,1,0,1,1
1,9,0,4,15,4,2,3,0,0,1,1,19,1,2,3,0,1,0,1,1
1,9,0,4,15,4,2,3,0,0,1,2,19,1,2,3,0,1,0,1,1
1,9,0,4,15,4,2,3,0,0,1,2,19,1,2,3,1,1,0,1,1
1,9,1,4,15,4,2,3,0,0,1,2,19,1,2,3,1,1,0,1,1
1,9,0,4,15,4,2,3,0,0,1,2,19,0,2,3,1,1,0,1,1
1,9,0,4,15,4,2,4,0,0,1,2,19,0,2,3,1,1,0,1,1
1,9,0,4,15,4,1,4,0,0,1,2,19,0,2,3,1,1,0,1,1
1,8,0,4,15,4,1,4,0,0,1,2,19,0,2,3,1,1,0,1,1
1,8,0,4,16,4,1,4,0,0,1,2,19,0,2,3,1,1,0,1,1
1,8,0,4,16,4,1,4,0,0,1,2,19,0,2,4,1,1,0,1,1
1,8,0,4,16,4,1,4,0,0,1,2,19,0,2,4,1,2,0,1,1
1,8,0,4,16,4,1,3,0,0,1,2,19,0,2,4,1,2,0,1,1
1,8,0,4,16,4,1,2,0,0,1,2,19,0,2,4,1,2,0,1,1
0,6,1,6,17,4,0,1,0,0,2,0,21,1,2,3,0,1,1,1,1
0,6,1,6,17,4,0,1,0,0,2,0,21,0,2,3,0,1,1,1,1
0,6,1,6,18,4,0,1,0,0,2,0,21,0,2,3,0,1,1,1,1
0,6,1,6,18,4,0,1,0,0,2,0,21,0,2,4,0,1,1,1,1
0,6,1,6,17,4,0,1,0,0,2,0,21,0,2,4,0,1,1,1,1
0,6,1,6,17,4,0,1,0,0,2,0,21,0,2,4,1,1,1,1,1
0,6,1,6,18,4,0,1,0,0,2,0,21,0,2,4,1,1,1,1,1
0,6,1,6,18,4,0,1,0,0,2,0,21,0,2,4,1,2,1,1,1
1,6,1,6,18,4,0,1,0,0,2,0,21,0,2,4,1,2,1,1,1
0,6,1,6,18,4,0,1,0,0,2,0,21,0,2,4,1,2,1,0,1
0,6,1,6,18,4,0,2,0,0,2,0,21,0,2,4,1,2,1,0,1
0,7,1,6,18,4,0,2,0,0,2,0,21,0,2,4,1,2,1,0,1
0,7,1,7,18,4,0,2,0,0,2,0,21,0,2,4,1,2,1,0,1
0,7,1,6,18,4,0,2,0,0,2,0,22,0,2,4,1,2,1,0,1
0,7,2,6,18,4,0,2,0,0,2,0,22,0,2,4,1,2,1,0,1
0,7,2,6,18,4,0,2,0,0,2,0,22,0,2,4,0,2,1,0,1
1,7,2,6,18,4,0,2,0,0,2,0,22,0,2,4,0,2,1,0,1
1,7,2,6,17,4,0,2,0,0,2,0,22,0,2,4,0,2,1,0,1
1,7,2,6,17,4,1,2,0,0,2,0,22,0,2,4,0,2,1,0,1
1,7,2,7,17,4,0,2,0,0,2,0,22,0,2,4,0,2,1,0,1
1,7,2,7,17,4,0,2,0,0,2,0,21,0,2,4,0,2,1,0,1
1,7,2,7,17,4,0,2,0,0,2,0,21,0,2,4,0,1,1,0,1
1,7,2,7,17,4,0,2,0,0,2,0,20,0,2,4,0,1,1,0,1
1,8,2,7,17,4,0,2,0,0,2,0,20,0,2,4,0,1,1,0,1
1,8,2,7,17,4,0,2,0,0,2,0,20,0,2,4,0,1,1,1,1
1,8,2,7,17,4,0,2,0,0,2,0,20,0,2,3,0,1,1,1,1
1,8,2,7,17,4,0,2,0,0,4,0,20,0,2,4,0,1,1,1,-1
1,8,2,7,17,4,0,2,0,0,4,0,20,0,2,3,0,1,1,1,-1
1,8,2,8,17,4,0,2,0,0,4,0,20,0,2,3,0,1,1,1,-1
1,8,2,8,17,4,0,2,0,0,4,0,20,0,2,3,1,1,1,1,-1
0,8,2,8,17,4,0,2,0,0,4,0,20,0,2,3,1,1,1,1,-1
0,8,1,8,17,4,0,2,0,0,4,0,20,0,2,3,1,1,1,1,-1
0,8,1,8,17,4,0,3,0,0,4,0,20,0,2,3,1,1,1,1,-1
1,8,1,8,17,4,0,3,0,0,4,0,20,0,2,3,1,1,1,1,-1
1,8,1,8,17,4,0,3,0,0,4,0,20,0,2,3,2,1,1,1,-1
1,8,0,8,17,4,0,3,0,0,4,0,20,0,2,3,2,1,1,1,-1
1,8,0,8,17,4,0,3,0,0,4,0,19,0,2,3,2,1,1,1,-1
1,8,1,8,17,4,0,3,0,0,4,0,19,0,2,3,2,1,1,1,-1
1,8,1,8,17,4,0,3,0,0,4,1,19,0,2,3,2,1,1,1,-1
0,8,1,8,17,4,0,3,0,0,4,1,19,0,2,3,2,1,1,1,-1
1,7,1,8,17,4,0,3,0,0,4,1,19,0,2,3,2,1,1,1,-1
1,7,1,8,17,4,0,3,0,0,4,2,19,0,2,3,2,1,1,1,-1
1,7,1,7,17,4,0,3,0,0,4,2,19,0,2,3,2,1,1,1,-1
1,8,1,7,17,4,0,3,0,0,4,2,19,0,2,3,2,1,1,1,-1
1,8,1,7,17,4,0,3,0,0,4,2,20,0,2,3,2,1,1,1,-1
1,8,1,7,17,4,1,3,0,0,4,2,20,0,2,3,2,1,1,1,-1
1,8,1,7,17,4,1,3,0,0,4,2,20,0,2,4,2,1,1,1,-1
1,8,1,7,17,4,2,3,0,0,4,2,20,0,2,4,2,1,1,1,-1
1,8,1,7,16,4,2,3,0,0,4,2,20,0,2,4,2,1,1,1,-1
1,8,1,7,16,4,2,3,0,0,4,2,20,0,2,4,2,1,0,1,-1
1,8,1,7,16,4,2,3,0,0,4,2,20,0,2,3,2,1,0,1,-1
0,18,2,2,20,0,2,1,0,0,4,0,20,0,0,1,2,1,1,0,-1
0,18,2,2,20,0,2,1,0,0,4,0,20,0,0,1,2,1,1,1,-1
0,18,3,2,20,0,2,1,0,0,4,0,20,0,0,1,2,1,1,1,-1
0,18,3,2,20,0,2,1,0,0,4,1,20,0,0,1,2,1,1,1,-1
0,18,3,2,20,0,2,2,0,0,4,1,20,0,0,1,2,1,1,1,-1
0,18,3,2,20,0,2,2,0,1,4,1,20,0,0,1,2,1,1,1,-1
0,18,3,2,20,0,2,2,0,2,4,1,20,0,0,1,2,1,1,1,-1
0,18,3,2,20,0,1,2,0,2,4,1,20,0,0,1,2,1,1,1,-1
0,18,3,2,20,0,1,2,0,2,4,1,20,1,0,1,2,1,1,1,-1
0,18,3,2,20,0,2,2,0,2,4,1,20,1,0,1,2,1,1,1,-1
0,18,3,2,20,0,2,1,0,2,4,1,20,1,0,1,2,1,1,1,-1
0,18,3,2,19,0,2,1,0,2,4,1,20,1,0,1,2,1,1,1,-1
0,18,3,3,19,0,2,1,0,2,4,1,20,1,0,1,2,1,1,1,-1
0,18,3,3,19,0,2,1,0,2,4,1,21,1,0,1,2,1,1,1,-1
0,18,3,2,19,0,2,1,0,2,4,1,21,1,0,1,2,1,1,1,-1
0,18,3,2,19,0,1,1,0,2,4,1,21,1,0,1,2,1,1,1,-1
0,18,3,2,19,0,1,2,0,2,4,1,21,1,0,1,2,1,1,1,-1
0,18,3,2,19,0,1,2,0,2,4,1,21,1,0,1,2,1,0,1,-1
0,18,2,2,19,0,1,2,0,2,4,1,21,1,0,1,2,1,0,1,-1
0,18,1,2,19,0,1,2,0,2,4,1,21,1,0,1,2,1,0,1,-1
0,18,2,2,19,0,1,2,0,2,3,1,21,1,0,1,2,1,0,1,-1
0,18,2,3,19,0,1,2,0,2,3,1,21,1,0,1,2,1,0,1,-1
0,18,2,3,19,0,1,2,0,2,3,1,21,1,0,1,1,1,0,1,-1
0,18,3,3,19,0,1,2,0,2,3,1,21,1,0,1,1,1,0,1,-1
0,18,3,3,19,0,1,2,0,2,3,1,20,1,0,1,1,1,0,1,-1
0,18,3,3,19,0,1,2,0,2,3,0,20,1,0,1,1,1,0,1,-1
0,18,3,3,19,0,1,2,0,2,3,0,20,1,0,1,1,1,0,0,-1
0,18,3,3,19,0,1,3,0,2,3,0,20,1,0,1,1,1,0,0,-1
0,18,3,3,19,0,1,3,0,2,3,0,20,1,0,1,1,1,0,1,-1
0,18,3,3,19,0,0,3,0,2,3,0,20,1,0,1,1,1,0,1,-1
0,18,3,3,19,0,0,4,0,2,3,0,20,1,0,1,1,1,0,1,-1
0,18,3,3,19,0,0,4,0,2,4,0,20,1,0,1,1,1,0,1,-1
0,19,3,3,19,0,0,4,0,2,4,0,20,1,0,1,1,1,0,1,-1
0,19,3,3,19,0,0,4,0,2,4,1,20,1,0,1,1,1,0,1,-1
0,19,3,4,19,0,0,4,0,2,4,1,20,1,0,1,1,1,0,1,-1
0,19,3,4,19,0,0,4,0,2,4,0,20,1,0,1,1,1,0,1,-1
0,19,3,4,19,0,0,4,0,1,4,0,20,1,0,1,1,1,0,1,-1
0,19,3,4,19,0,0,4,0,1,4,0,20,2,0,1,1,1,0,1,-1
0,19,3,4,19,0,0,4,0,2,4,0,20,2,0,1,1,1,0,1,-1
0,19,3,4,18,0,0,4,0,1,4,0,20,2,0,1,1,1,0,1,-1
0,19,3,3,19,0,0,4,0,1,4,0,20,2,0,1,1,1,0,1,-1
0,20,3,4,19,0,0,4,0,1,4,0,20,2,0,1,1,1,0,1,-1
0,20,3,4,19,0,0,4,0,1,4,1,20,2,0,1,1,1,0,1,-1
0,20,3,4,20,0,0,4,0,1,4,1,20,2,0,1,1,1,0,1,-1
0,20,3,4,20,0,0,4,0,1,3,1,20,2,0,1,1,1,0,1,-1
0,20,3,5,20,0,0,4,0,1,3,1,20,2,0,1,1,1,0,1,-1
0,20,3,5,20,0,0,4,0,1,2,1,20,2,0,1,1,1,0,1,-1
0,20,3,5,20,0,0,4,0,1,2,1,19,2,0,1,1,1,0,1,-1
0,20,3,5,20,0,0,3,0,1,2,1,19,2,0,1,1,1,0,1,-1
0,20,3,5,20,0,0,3,0,1,2,1,19,2,1,1,1,1,0,1,-1
0,20,3,5,20,0,0,3,0,1,2,1,19,2,1,1,1,1,0,0,-1
0,20,2,5,20,0,0,3,0,1,2,1,19,2,1,1,1,1,0,0,-1
0,20,2,5,20,0,0,3,0,1,2,1,19,2,1,1,1,1,1,0,-1
0,20,2,5,20,0,0,3,0,1,2,1,19,2,1,1,1,1,1,1,-1
0,20,2,5,20,0,0,3,0,1,1,1,19,2,1,1,1,1,1,1,-1
0,20,3,5,20,0,0,3,0,1,1,1,19,2,1,1,1,1,1,1,-1
0,19,3,5,20,0,0,3,0,1,1,1,19,2,1,1,1,1,1,1,-1
0,19,3,5,20,0,0,3,0,1,2,1,19,2,1,1,1,1,1,1,-1
0,19,3,5,20,0,0,2,0,1,2,1,19,2,1,1,1,1,1,1,-1
0,19,3,5,20,0,1,2,0,1,2,1,19,2,1,1,1,1,1,1,-1
0,19,3,4,20,0,1,2,0,1,2,1,19,2,1,1,1,1,1,1,-1
0,19,3,4,20,0,2,2,0,1,2,1,19,2,1,1,1,1,1,1,-1
0,19,3,4,20,0,2,2,0,1,2,1,19,2,2,1,1,1,1,1,-1
0,19,3,4,20,0,2,2,0,1,2,1,19,2,2,1,1,1,0,1,-1
0,19,3,4,20,0,2,2,0,1,2,0,19,2,2,1,1,1,0,1,-1
0,19,2,4,20,0,2,2,0,1,2,0,19,2,2,1,1,1,0,1,-1
0,19,2,4,20,0,2,2,0,1,2,0,19,2,2,1,0,1,0,1,-1
0,19,2,4,20,0,2,2,0,1,2,1,19,2,2,1,0,1,0,1,-1
0,19,2,4,20,0,2,2,0,1,3,1,19,2,2,1,0,1,0,1,-1
0,19,2,4,21,0,2,2,0,1,3,1,19,2,2,1,0,1,0,1,-1
0,19,2,4,21,0,2,2,0,1,3,1,19,2,2,1,0,1,0,0,-1
0,18,2,4,21,0,2,2,0,1,3,1,19,2,2,1,0,1,0,0,-1
0,18,2,4,21,0,2,2,0,1,3,1,19,2,2,1,1,1,0,0,-1
0,18,2,4,21,0,2,1,0,1,3,1,19,2,2,1,1,1,0,0,-1
0,17,2,4,21,0,2,1,0,1,3,1,19,2,2,1,1,1,0,0,-1
0,17,2,4,21,0,2,1,0,1,3,0,19,2,2,1,1,1,0,0,-1
0,17,2,4,22,0,2,1,0,1,3,0,19,2,2,1,1,1,0,0,-1
0,17,2,4,22,0,2,1,0,1,2,0,19,2,2,1,1,1,0,0,-1
0,17,2,4,22,0,2,1,0,1,2,0,19,2,2,1,1,1,0,1,-1
0,17,2,4,22,0,2,1,0,2,2,0,19,2,2,1,1,1,0,1,-1
0,17,2,4,22,0,3,1,0,2,2,0,19,2,2,1,1,1,0,1,-1
0,17,2,4,21,0,3,1,0,2,2,0,19,2,2,1,1,1,0,1,-1
0,17,2,5,21,0,3,1,0,2,2,0,19,2,2,1,1,1,0,1,-1
0,17,2,5,21,0,3,1,0,2,2,1,19,2,2,1,1,1,0,1,-1
0,17,2,4,21,0,3,1,0,2,2,1,19,2,2,1,1,1,0,1,-1
0,17,2,4,21,0,2,1,0,2,2,1,19,2,2,1,1,1,0,1,-1
0,17,2,4,21,0,2,1,0,2,2,0,19,2,2,1,1,1,0,1,-1
0,17,2,4,21,0,2,1,0,2,3,0,19,2,2,1,1,1,0,1,-1
0,17,2,4,21,0,2,1,0,2,4,0,19,2,2,1,1,1,0,1,-1
0,18,2,4,21,0,2,1,0,2,4,0,19,2,2,1,1,1,0,1,-1
0,18,2,4,21,0,2,1,0,1,4,0,19,2,2,1,1,1,0,1,-1
0,19,2,4,21,0,2,1,0,1,4,0,19,2,2,1,1,1,0,1,-1
0,19,2,4,22,0,2,1,0,1,4,0,19,2,2,1,1,1,0,1,-1
0,19,2,4,22,0,2,1,0,1,3,0,19,2,2,1,1,1,0,1,-1
0,20,1,4,18,0,2,2,0,2,1,0,20,0,2,1,1,1,0,0,-1
0,20,1,4,18,0,3,2,0,2,1,0,20,0,2,1,1,1,0,0,-1
0,20,1,4,18,0,3,1,0,2,1,0,20,0,2,1,1,1,0,0,-1
0,19,2,5,17,0,2,3,0,1,1,1,19,1,2,1,0,1,0,1,-1
0,19,1,5,17,0,2,3,0,1,1,1,19,1,2,1,0,1,0,1,-1
0,19,1,5,17,0,1,3,0,1,1,1,19,1,2,1,0,1,0,1,-1
0,19,1,5,17,0,1,3,0,2,1,1,19,1,2,1,0,1,0,1,-1
0,19,1,5,17,0,0,3,0,2,1,1,19,1,2,1,0,1,0,1,-1
0,18,1,5,17,0,0,3,0,2,1,1,19,1,2,1,0,1,0,1,-1
0,18,1,5,17,0,0,3,0,2,1,0,19,1,2,1,0,1,0,1,-1
0,18,1,5,17,0,0,3,0,2,2,0,19,1,2,1,0,1,0,1,-1
0,18,1,5,16,0,0,3,0,2,2,0,19,1,2,1,0,1,0,1,-1
0,18,1,5,16,0,0,3,0,2,2,0,19,1,2,1,0,1,0,0,-1
0,18,1,5,16,0,1,3,0,2,2,0,19,1,2,1,0,1,0,0,-1
0,18,1,4,16,0,1,3,0,2,2,0,19,1,2,1,0,1,0,0,-1
0,19,1,4,16,0,1,3,0,2,2,0,19,1,2,1,0,1,0,0,-1
0,19,1,4,16,0,1,4,0,2,2,0,19,1,2,1,0,1,0,0,-1
0,19,1,4,16,0,1,4,0,2,2,0,19,1,2,1,0,1,0,1,-1
0,19,1,4,16,0,1,4,0,2,2,0,20,1,2,1,0,1,0,1,-1
0,19,2,4,16,0,1,4,0,2,2,0,20,1,2,1,0,1,0,1,-1
0,19,2,4,17,0,1,4,0,2,2,0,20,1,2,1,0,1,0,1,-1
0,19,2,4,17,0,1,4,0,2,3,0,20,1,2,1,0,1,0,1,-1
0,19,2,4,18,0,1,4,0,2,3,0,20,1,2,1,0,1,0,1,-1
0,19,2,4,18,0,1,4,0,1,3,0,20,1,2,1,0,1,0,1,-1
0,19,2,4,18,0,1,3,0,1,3,0,20,1,2,1,0,1,0,1,-1
0,19,2,4,18,0,1,3,0,1,2,0,20,1,2,1,0,1,0,1,-1
0,19,2,4,18,0,1,3,0,2,2,0,20,1,2,1,0,1,0,1,-1
0,20,2,4,18,0,1,3,0,2,2,0,20,1,2,1,0,1,0,1,-1
0,20,2,4,18,0,1,3,0,2,2,1,20,1,2,1,0,1,0,1,-1
0,20,2,4,18,0,1,3,0,2,3,1,20,1,2,1,0,1,0,1,-1
0,19,2,4,18,0,1,3,0,2,2,1,20,1,2,1,0,1,0,1,-1
0,19,2,4,18,0,1,3,0,2,2,1,21,1,2,1,0,1,0,1,-1
0,19,2,4,18,0,1,3,0,2,2,1,21,1,2,1,0,1,1,1,-1
0,19,2,4,18,0,1,4,0,2,2,1,21,1,2,1,0,1,1,1,-1
0,19,2,4,18,0,1,4,0,2,3,1,21,1,2,1,0,1,1,1,-1
0,19,2,4,18,0,1,4,0,2,4,1,21,1,2,1,0,1,1,1,-1
0,19,2,4,18,0,1,4,0,2,4,1,20,1,2,1,0,1,1,1,-1
0,19,2,4,18,1,1,4,0,2,4,1,21,1,2,1,0,1,1,1,-1
0,19,2,4,18,1,1,4,0,2,4,0,21,1,2,1,0,1,1,1,-1
0,19,1,4,18,1,1,4,0,2,4,0,21,1,2,1,0,1,1,1,-1
0,18,1,4,18,1,1,4,0,2,4,0,21,1,2,1,0,1,1,1,-1
0,18,1,4,18,1,1,4,0,2,4,0,21,1,2,1,0,1,1,0,-1
0,18,1,4,18,1,1,4,0,2,4,1,21,1,2,1,0,1,1,0,-1
0,18,1,3,18,1,1,4,0,2,4,1,21,1,2,1,0,1,1,0,-1
0,17,1,3,18,1,1,4,0,2,4,1,21,1,2,1,0,1,1,0,-1
0,17,1,2,18,1,1,4,0,2,4,1,21,1,2,1,0,1,1,0,-1
0,17,2,2,18,1,1,4,0,2,4,1,21,1,2,1,0,1,1,0,-1
0,17,2,2,18,1,1,4,0,1,4,1,21,1,2,1,0,1,1,0,-1
0,17,2,2,17,1,1,4,0,1,4,1,21,1,2,1,0,1,1,0,-1
0,17,2,2,17,1,1,4,0,1,4,1,21,2,2,1,0,1,1,0,-1
0,17,2,2,17,1,1,4,0,1,4,1,22,2,2,1,0,1,1,0,-1
0,17,2,2,17,1,1,4,0,1,3,1,22,2,2,1,0,1,1,0,-1
0,17,2,2,17,1,1,4,0,2,4,1,22,2,2,1,0,1,1,0,-1
0,18,2,2,17,1,1,4,0,2,4,1,22,2,2,1,0,1,1,0,-1
0,18,2,2,18,1,1,4,0,2,4,1,22,2,2,1,0,1,1,0,-1
0,18,1,2,18,1,1,4,0,2,4,1,22,2,2,1,0,1,1,0,-1
0,18,1,2,19,1,1,4,0,2,4,1,22,2,2,1,0,1,1,0,-1
0,18,1,2,19,1,1,4,0,2,4,1,23,2,2,1,0,1,1,0,-1
0,18,1,2,19,1,1,4,0,2,4,1,23,1,2,1,0,1,1,0,-1
0,18,1,2,19,1,1,4,0,2,4,1,23,1,2,1,0,1,0,0,-1
0,18,3,5,13,0,4,1,0,2,4,1,25,2,2,1,0,1,1,1,-1
0,18,3,5,14,0,4,1,0,2,4,1,25,2,2,1,0,1,1,1,-1
0,18,3,5,14,0,4,1,0,2,3,1,25,2,2,1,0,1,1,1,-1
0,18,3,5,14,0,4,1,0,2,3,1,24,2,2,1,0,1,1,1,-1
0,18,3,5,14,0,4,1,0,2,3,0,24,2,2,1,0,1,1,1,-1
0,18,3,5,14,0,4,1,0,2,3,0,23,2,2,1,0,1,1,1,-1
0,19,3,5,14,0,4,1,0,2,3,0,23,2,2,1,0,1,1,1,-1
0,19,3,5,14,0,4,1,0,1,3,0,23,2,2,1,0,1,1,1,-1
0,19,3,5,14,0,4,1,0,1,3,0,24,2,2,1,0,1,1,1,-1
0,19,3,5,14,0,4,1,0,1,3,1,24,2,2,1,0,1,1,1,-1
0,19,3,5,14,0,4,2,0,1,3,1,24,2,2,1,0,1,1,1,-1
0,18,3,5,14,0,4,2,0,1,3,1,24,2,2,1,0,1,1,1,-1
0,19,3,5,14,0,4,2,0,1,3,1,23,2,2,1,0,1,1,1,-1
0,19,2,5,14,0,4,2,0,1,3,1,23,2,2,1,0,1,1,1,-1
0,19,2,5,14,0,4,2,0,0,3,1,23,2,2,1,0,1,1,1,-1
0,19,2,5,14,0,4,2,0,0,2,1,23,2,2,1,0,1,1,1,-1
0,19,2,5,14,0,4,2,0,0,2,1,23,1,2,1,0,1,1,1,-1
0,19,2,5,15,0,4,2,0,0,2,1,23,1,2,1,0,1,1,1,-1
0,19,2,5,15,0,4,2,0,0,3,1,23,1,2,1,0,1,1,1,-1
0,19,1,5,15,0,4,2,0,0,3,1,23,1,2,1,0,1,1,1,-1
0,19,1,5,15,0,4,2,0,0,4,1,23,1,2,1,0,1,1,1,-1
0,19,1,5,15,0,4,3,0,0,4,1,23,1,2,1,0,1,1,1,-1
0,19,1,6,15,0,4,3,0,0,4,1,23,1,2,1,0,1,1,1,-1
0,19,1,6,15,0,4,3,0,0,4,0,23,1,2,1,0,1,1,1,-1
0,19,1,6,15,0,4,3,0,1,4,0,23,1,2,1,0,1,1,1,-1
0,19,1,6,15,0,4,3,0,1,4,0,23,1,2,1,0,1,0,1,-1
0,19,1,6,15,0,4,3,0,2,4,0,23,1,2,1,0,1,0,1,-1
0,19,1,6,15,0,4,3,0,2,4,0,23,0,2,1,0,1,0,1,-1
0,19,1,6,15,0,4,3,0,2,4,0,23,0,2,1,0,1,1,1,-1
0,18,1,6,15,0,4,3,0,2,4,0,23,0,2,1,0,1,1,1,-1
0,18,1,6,15,0,4,3,0,1,4,0,23,0,2,1,0,1,1,1,-1
0,18,1,6,15,0,4,3,0,1,4,0,23,0,2,1,1,1,1,1,-1
0,18,1,6,15,0,4,4,0,1,4,0,23,0,2,1,1,1,1,1,-1
0,18,1,6,15,0,4,4,0,2,4,0,23,0,2,1,1,1,1,1,-1
0,18,1,6,15,0,4,4,0,2,4,0,23,0,1,1,1,1,1,1,-1
0,18,1,6,16,0,4,4,0,2,4,0,23,0,1,1,1,1,1,1,-1
0,18,1,6,16,0,4,4,0,2,4,0,24,0,1,1,1,1,1,1,-1
0,18,1,6,16,0,4,4,0,2,4,0,24,0,0,1,1,1,1,1,-1
0,18,1,7,16,0,4,4,0,2,4,0,24,0,0,1,1,1,1,1,-1
0,18,1,6,16,0,4,4,0,2,4,0,23,0,0,1,1,1,1,1,-1
0,18,1,6,15,0,4,4,0,2,4,0,23,0,0,1,1,1,1,1,-1
0,18,1,6,15,1,4,4,0,2,4,0,23,0,0,1,1,1,1,1,-1
0,18,1,7,15,1,4,4,0,2,4,0,23,0,0,1,1,1,1,1,-1
0,17,1,6,15,1,4,4,0,2,4,0,23,0,0,1,1,1,1,1,-1
0,17,1,6,15,1,3,4,0,2,4,0,23,0,0,1,1,1,1,1,-1
0,17,0,6,15,1,3,4,0,2,4,0,23,0,0,1,1,1,1,1,-1
0,17,0,6,15,1,3,4,0,2,3,0,23,0,0,1,1,1,1,1,-1
0,17,0,6,15,1,3,4,0,2,3,0,22,0,0,1,1,1,1,1,-1
0,17,0,6,15,1,3,4,0,2,3,0,22,0,0,1,1,1,0,1,-1
0,17,0,6,15,1,3,4,0,2,3,0,22,0,0,1,1,1,0,0,-1
0,17,0,6,15,1,3,4,0,2,2,0,22,0,0,1,1,1,0,0,-1
0,17,0,6,15,1,3,4,0,2,2,0,22,0,0,1,1,1,1,0,-1
0,17,0,6,15,1,3,4,0,2,1,0,22,0,0,1,1,1,1,0,-1
0,17,0,6,15,1,3,4,0,2,1,0,23,0,0,1,1,1,1,0,-1
0,24,2,2,17,0,1,4,0,2,1,1,24,2,1,1,1,1,0,1,-1
0,24,2,2,17,0,1,4,0,2,1,0,24,2,1,1,1,1,0,1,-1
0,24,2,2,17,0,1,4,0,2,1,0,24,2,1,1,1,1,0,0,-1
0,23,2,2,17,0,1,4,0,2,1,0,24,2,1,1,1,1,0,0,-1
0,23,2,2,17,0,1,4,0,1,1,0,24,2,1,1,1,1,0,0,-1
0,23,1,1,17,0,1,4,0,1,1,1,24,2,1,1,1,1,0,0,-1
0,23,1,1,17,0,1,4,0,1,1,1,23,2,1,1,1,1,0,0,-1
0,23,1,1,17,0,0,4,0,1,1,1,23,2,1,1,1,1,0,0,-1
0,23,1,1,17,0,1,4,0,1,2,1,23,2,1,1,1,1,0,0,-1
0,23,1,1,17,0,1,4,0,1,2,1,22,2,1,1,1,1,0,0,-1
0,23,1,1,17,0,1,4,0,1,2,1,22,2,1,1,1,1,0,1,-1
0,23,1,1,17,0,1,4,0,1,2,0,22,2,1,1,1,1,0,1,-1
0,23,1,1,17,0,1,4,0,1,3,0,22,2,1,1,1,1,0,1,-1
0,23,1,1,17,0,1,4,0,1,1,0,22,2,1,1,1,1,0,1,-1
0,23,1,1,17,0,1,4,0,2,2,0,22,2,1,1,1,1,0,1,-1
0,23,1,1,17,0,1,4,0,2,3,0,22,2,1,1,1,1,0,1,-1
0,23,0,1,17,0,1,4,0,2,2,0,22,2,1,1,1,1,0,1,-1
0,23,0,1,17,0,1,4,0,2,2,0,21,2,1,1,1,1,0,1,-1
0,23,0,1,17,0,1,3,0,2,2,0,21,2,1,1,1,1,0,1,-1
0,23,0,1,17,0,1,3,0,2,2,0,21,2,1,1,1,1,0,0,-1
0,23,0,1,17,0,1,3,0,1,2,0,21,2,1,1,1,1,0,1,-1
0,23,0,1,17,0,1,2,0,1,2,0,21,2,1,1,1,1,0,1,-1
0,23,0,1,17,0,1,2,0,1,2,0,21,2,1,1,1,1,0,0,-1
0,23,1,1,17,0,1,2,0,1,2,0,21,2,1,1,1,1,0,0,-1
0,23,1,1,17,0,0,2,0,1,2,0,21,2,1,1,1,1,0,0,-1
0,23,1,1,17,0,0,2,0,2,2,0,21,2,1,1,1,1,0,0,-1
0,23,1,1,17,0,0,2,0,2,2,0,21,2,1,1,1,1,1,0,-1
0,23,1,1,17,0,0,2,0,2,3,0,21,2,1,1,1,1,1,0,-1
0,23,0,1,17,0,0,2,0,2,3,0,21,2,1,1,1,1,1,0,-1
0,23,0,1,17,0,0,2,0,2,3,0,22,2,1,1,1,1,1,0,-1
0,23,0,1,18,0,0,2,0,2,3,0,22,2,1,1,1,1,1,0,-1
0,23,0,1,17,0,0,3,0,2,3,0,22,2,1,1,1,1,1,0,-1
0,23,0,1,17,0,0,2,0,2,4,0,22,2,1,1,1,1,1,0,-1
0,23,0,1,17,0,0,2,0,2,4,0,23,2,1,1,1,1,1,0,-1
0,23,0,1,17,0,0,2,0,2,3,0,23,2,1,1,1,1,1,0,-1
0,23,0,1,17,0,0,2,0,2,3,0,23,2,0,1,1,1,1,0,-1
0,23,0,1,17,0,1,2,0,2,3,0,23,2,0,1,1,1,1,0,-1
0,23,0,1,17,0,1,2,0,2,3,1,23,2,0,1,1,1,1,0,-1
0,23,0,1,17,1,1,2,0,2,3,1,23,2,0,1,1,1,1,0,-1
0,23,0,1,17,1,1,3,0,2,3,1,23,2,0,1,1,1,1,0,-1
0,23,0,1,17,1,1,3,0,2,2,1,23,2,0,1,1,1,1,0,-1
0,23,0,1,17,1,1,3,0,2,2,1,23,1,0,1,1,1,1,0,-1
0,22,0,1,17,1,1,3,0,2,2,1,23,1,0,1,1,1,1,0,-1
0,22,0,1,17,1,1,3,0,2,3,1,23,1,0,1,1,1,1,0,-1
0,22,0,1,17,1,1,3,0,2,3,1,23,1,0,1,2,1,1,0,-1
0,22,0,1,17,1,1,3,0,2,2,1,25,1,0,1,2,1,1,0,-1
0,22,0,1,18,1,1,3,0,2,2,1,25,1,0,1,2,1,1,0,-1
0,22,0,1,18,1,1,2,0,2,2,1,25,1,0,1,2,1,1,0,-1
0,22,0,1,18,1,1,2,0,2,2,1,25,0,0,1,2,1,1,0,-1
0,22,1,1,18,1,1,2,0,2,2,1,25,0,0,1,2,1,1,0,-1
0,22,1,1,18,1,1,2,0,2,2,1,25,0,0,1,2,1,0,0,-1
0,22,1,1,18,1,1,2,0,2,2,0,25,0,0,1,2,1,1,0,-1
0,23,1,1,18,1,1,2,0,2,2,0,25,0,0,1,2,1,1,0,-1
0,23,1,1,17,1,1,2,0,2,2,0,25,0,0,1,2,1,1,0,-1
0,23,2,1,17,1,1,2,0,2,2,0,25,0,0,1,2,1,1,0,-1
0,23,3,1,17,1,1,2,0,2,2,0,25,0,0,1,2,1,1,0,-1
0,23,3,1,17,1,1,2,0,2,2,0,25,0,0,1,2,1,0,0,-1
0,23,3,1,17,1,1,2,0,2,1,0,25,0,0,1,2,1,0,0,-1
0,23,3,1,17,1,1,2,0,2,1,1,25,0,0,1,2,1,0,0,-1
0,23,3,1,16,1,1,2,0,2,1,1,25,0,0,1,2,1,0,0,-1
0,23,3,1,16,1,1,2,0,2,1,1,25,0,0,1,3,1,0,0,-1
0,23,3,0,16,1,1,2,0,2,1,1,25,0,0,1,3,1,0,0,-1
0,23,3,0,16,1,1,2,0,2,1,1,24,0,0,1,3,1,0,0,-1
0,24,2,0,13,4,1,4,0,0,4,0,25,2,0,1,2,1,0,0,-1
0,24,2,0,13,4,1,4,0,0,4,0,25,2,0,1,2,1,0,1,-1
0,24,2,1,13,4,1,4,0,0,4,0,25,2,0,1,2,1,0,1,-1
0,24,2,1,13,4,1,4,0,1,4,0,25,2,0,1,2,1,0,1,-1
0,24,2,1,13,4,2,4,0,1,4,0,25,2,0,1,2,1,0,1,-1
0,24,2,1,13,4,2,4,0,2,4,0,25,2,0,1,2,1,0,1,-1
0,24,2,1,13,4,2,4,0,2,4,0,24,2,0,1,2,1,0,1,-1
0,24,2,1,13,4,2,4,0,2,3,0,24,2,0,1,2,1,0,1,-1
0,25,2,1,13,4,2,4,0,2,3,0,24,2,0,1,2,1,0,1,-1
0,25,2,0,13,4,2,4,0,2,3,0,24,2,0,1,2,1,0,1,-1
0,25,2,0,13,4,2,4,0,2,3,0,23,2,0,1,2,1,0,1,-1
0,25,2,0,13,4,2,4,0,2,3,0,23,1,0,1,2,1,0,1,-1
0,25,2,0,13,4,2,4,0,2,4,0,23,1,0,1,2,1,0,1,-1
0,25,2,0,13,4,2,4,0,2,4,0,23,1,0,1,2,1,0,0,-1
0,25,2,0,13,4,2,4,0,2,4,1,23,1,0,1,2,1,0,0,-1
0,25,2,0,13,4,2,4,0,2,4,1,23,1,0,1,2,1,1,0,-1
0,25,2,1,13,4,2,4,0,2,4,1,23,1,0,1,2,1,1,0,-1
0,25,2,1,13,4,2,3,0,2,4,1,23,1,0,1,2,1,1,0,-1
0,25,2,1,13,4,2,3,0,1,4,1,23,1,0,1,2,1,1,0,-1
0,25,2,1,13,4,3,3,0,1,4,1,23,1,0,1,2,1,1,0,-1
0,25,2,1,13,4,3,3,0,1,4,0,23,1,0,1,2,1,1,0,-1
0,25,2,1,13,4,3,4,0,1,4,0,23,1,0,1,2,1,1,0,-1
0,25,2,1,13,4,3,4,0,1,4,0,24,1,0,1,2,1,1,0,-1
0,25,3,1,13,4,3,4,0,1,4,0,24,1,0,1,2,1,1,0,-1
0,25,3,1,13,4,3,4,0,0,4,0,24,1,0,1,2,1,1,0,-1
0,6,2,1,13,2,0,2,0,0,2,1,23,2,0,1,0,1,1,0,1
0,6,2,1,13,2,0,1,0,0,2,0,23,2,0,1,0,1,1,0,1
0,6,2,1,13,2,0,1,0,0,2,0,23,2,0,1,0,1,0,0,1
0,6,2,1,13,2,0,1,0,0,2,0,23,2,0,2,0,1,0,0,1
1,6,2,1,13,2,0,1,0,0,2,0,23,2,0,2,0,1,0,0,1
1,6,2,1,13,2,0,1,0,0,2,1,23,2,0,2,0,1,0,0,1
1,6,2,1,13,2,0,1,0,0,2,1,23,2,0,1,0,1,0,0,1
1,6,2,1,13,2,0,1,0,0,1,1,23,2,0,1,0,1,0,0,1
1,6,2,1,13,2,0,2,0,0,1,1,23,2,0,1,0,1,0,0,1
1,6,2,1,13,2,0,2,0,0,1,2,23,2,0,1,0,1,0,0,1
1,5,2,1,13,2,0,2,0,0,1,2,23,2,0,1,0,1,0,0,1
1,5,2,1,13,2,0,2,0,0,1,2,24,2,0,1,0,1,0,0,1
1,5,2,0,13,2,0,2,0,0,1,2,24,2,0,1,0,1,0,0,1
1,5,2,0,13,2,0,2,0,0,1,2,24,2,0,1,0,1,1,0,1
1,6,2,0,13,2,0,2,0,0,1,2,24,2,0,1,0,1,1,0,1
1,6,2,0,13,2,0,2,0,0,2,2,24,2,0,1,0,1,1,0,1
1,6,2,0,13,2,0,2,0,0,1,2,24,2,0,1,1,1,1,0,1
1,6,2,0,13,2,0,2,0,0,1,2,24,2,0,2,1,1,1,0,1
1,6,2,0,13,2,0,2,0,0,1,2,25,2,0,2,1,1,1,0,1
1,6,2,0,13,2,0,2,0,0,1,2,26,2,0,2,1,1,1,0,1
0,6,2,0,13,2,0,2,0,0,1,2,26,2,0,2,1,1,1,0,1
0,6,2,0,13,2,0,2,0,0,1,2,26,2,0,1,1,1,1,0,1
1,6,2,0,13,2,0,2,0,0,1,2,26,2,0,1,1,1,1,0,1
1,6,1,0,13,2,0,2,0,0,1,2,26,2,0,1,1,1,1,0,1
1,6,1,1,13,2,0,2,0,0,1,2,26,2,0,1,1,1,1,0,1
1,6,1,1,13,2,0,2,0,0,1,2,26,2,0,2,1,1,1,0,1
0,6,1,1,13,2,0,2,0,0,1,2,26,2,0,2,1,1,1,0,1
0,6,2,1,13,2,0,2,0,0,1,2,26,2,0,2,1,1,1,0,1
1,6,2,1,13,2,0,2,0,0,1,2,26,2,0,2,1,1,1,0,1
1,6,2,1,13,2,0,2,0,0,1,2,26,2,0,3,1,1,1,0,1
1,6,2,1,13,2,0,2,0,0,1,2,26,1,0,3,1,1,1,0,1
1,6,2,1,13,2,1,2,0,0,1,2,26,1,0,3,1,1,1,0,1
1,6,2,1,13,2,1,2,0,0,1,2,26,1,0,3,1,1,1,1,1
1,7,2,1,13,2,1,2,0,0,1,2,26,1,0,3,1,1,1,1,1
1,7,2,2,13,2,1,2,0,0,1,2,26,1,0,3,1,1,1,1,1
1,7,2,2,13,2,1,1,0,0,1,2,26,1,0,3,1,1,1,1,1
1,7,2,2,13,2,0,1,0,0,1,2,26,1,0,3,1,1,1,1,1
