2,0,8,0,2,8,1,0,0,0,0,40,0,0
5,4,14,10,1,5,3,0,0,0,0,40,0,1
3,0,6,3,1,3,3,0,0,0,0,60,0,1
4,0,13,5,4,0,5,0,0,0,0,40,0,1
3,1,15,5,2,3,3,0,0,0,0,80,0,1
3,0,7,6,1,5,5,0,0,0,0,40,0,1
6,2,8,5,0,3,2,0,0,0,18,50,0,1
3,0,9,7,0,6,2,0,0,0,0,46,0,0
4,0,10,0,2,5,3,0,0,0,0,40,0,1
3,0,12,0,2,4,3,0,0,0,0,40,0,1
2,0,8,0,1,8,1,0,0,0,0,40,0,-1
2,0,8,0,1,8,0,0,0,0,0,40,0,-1
2,0,8,0,2,8,0,0,0,0,0,40,0,-1
2,0,8,0,2,8,0,0,0,0,1,40,0,-1
2,0,8,0,2,8,0,0,0,0,1,40,1,-1
2,1,8,0,2,8,0,0,0,0,1,40,1,-1
2,0,8,0,2,8,0,0,0,0,1,41,0,-1
2,0,8,0,2,7,0,0,0,0,1,41,0,-1
1,0,8,0,2,7,0,0,0,0,1,41,0,-1
1,0,8,0,2,7,1,0,0,0,1,41,0,-1
1,0,8,0,2,8,1,0,0,0,1,41,0,-1
1,0,8,0,2,8,1,0,0,0,2,41,0,-1
1,0,8,0,2,9,1,0,0,0,2,41,0,-1
1,0,8,0,2,9,1,0,0,0,3,41,0,-1
1,0,8,0,3,9,1,0,0,0,3,41,0,-1
1,0,8,0,3,9,1,0,0,0,2,41,0,-1
1,0,8,0,3,9,1,0,0,0,2,40,0,-1
1,0,8,0,3,9,1,0,0,1,2,40,0,-1
1,0,8,0,3,9,1,0,0,1,2,41,0,-1
1,0,8,0,3,10,1,0,0,1,2,41,0,-1
1,0,8,0,3,10,0,0,0,1,2,41,0,-1
1,0,8,0,3,10,0,0,0,1,2,40,0,-1
2,0,8,0,3,10,0,0,0,1,2,40,0,-1
2,0,8,0,3,10,1,0,0,1,2,40,0,-1
2,0,8,0,3,10,2,0,0,1,2,40,0,-1
1,0,8,0,3,10,2,0,0,1,2,40,0,-1
1,0,8,0,3,11,2,0,0,1,2,40,0,-1
1,0,8,0,3,11,1,0,0,1,2,40,0,-1
5,8,3,2,5,13,0,0,0,1,7,41,6,1
5,8,3,2,5,13,0,0,0,1,8,41,6,1
5,8,3,3,5,13,0,0,0,1,8,41,6,1
4,8,3,3,5,13,0,0,0,1,8,41,6,1
4,8,3,3,5,13,0,0,0,1,8,41,5,1
5,8,3,3,5,13,0,0,0,1,8,41,5,1
5,8,3,4,5,13,0,0,0,1,8,41,5,1
5,8,3,4,5,13,1,0,0,1,8,41,5,1
5,8,4,4,5,13,1,0,0,1,8,41,5,1
5,8,3,4,4,13,1,0,0,1,8,41,5,1
5,8,3,4,5,12,1,0,0,1,8,41,5,1
5,8,3,4,5,12,1,0,0,1,8,41,4,1
5,8,3,4,5,12,1,0,0,1,8,41,3,1
5,8,3,4,5,12,1,0,0,0,8,41,3,1
5,9,5,3,5,12,0,0,0,0,8,41,3,1
5,9,5,4,5,12,0,0,0,0,8,41,3,1
5,9,5,5,5,12,0,0,0,0,8,41,3,1
5,9,5,5,5,12,0,0,0,0,8,41,2,1
5,9,5,5,5,13,0,0,0,0,8,41,2,1
4,9,5,5,5,13,0,0,0,0,8,41,2,1
4,9,5,5,5,13,0,0,0,0,8,40,2,1
4,9,5,6,5,13,0,0,0,0,8,40,2,1
4,9,5,7,5,13,0,0,0,0,8,40,2,1
3,9,5,7,5,13,0,0,0,0,8,40,2,1
3,9,5,7,5,13,0,0,0,0,8,39,2,1
4,9,5,7,5,13,0,0,0,0,8,39,2,1
5,9,5,7,5,13,0,0,0,0,8,39,2,1
4,9,5,7,5,13,0,0,0,0,8,40,1,1
4,9,5,7,5,13,0,0,0,0,7,40,1,1
4,9,4,7,5,13,0,0,0,0,8,40,1,1
4,9,4,7,5,13,0,0,0,0,8,39,1,1
4,10,4,7,5,13,0,0,0,0,8,39,1,1
4,10,4,7,5,13,0,0,0,0,8,39,2,1
4,10,5,7,5,13,0,0,0,0,8,39,2,1
4,10,5,7,5,13,0,0,0,0,8,40,2,1
4,10,5,7,4,13,0,0,0,0,8,40,2,1
4,9,5,7,4,13,0,0,0,0,8,40,2,1
4,9,5,6,4,13,0,0,0,0,8,40,2,1
4,9,5,6,3,13,0,0,0,0,8,40,2,1
4,9,5,6,3,13,0,0,0,1,8,40,2,1
4,9,5,6,3,13,0,0,0,1,8,39,2,1
4,9,5,5,3,13,0,0,0,1,8,39,2,1
4,9,5,5,3,13,0,0,0,0,8,39,2,1
4,9,5,5,3,13,0,0,0,2,8,39,2,1
4,9,5,5,3,13,0,0,0,3,8,39,2,1
4,9,5,4,3,13,0,0,0,3,8,39,2,1
4,9,6,4,3,13,0,0,0,3,8,39,2,1
4,9,6,4,3,13,0,0,0,3,8,39,3,1
4,9,6,4,3,13,0,0,0,3,8,38,3,1
3,9,6,4,3,13,0,0,0,3,8,38,3,1
3,9,6,4,3,14,0,0,0,3,8,38,3,1
3,9,6,3,3,14,0,0,0,3,8,38,3,1
3,9,6,3,3,14,0,0,0,3,8,37,3,1
4,9,6,3,3,14,0,0,0,3,8,37,3,1
4,9,6,3,3,14,0,0,0,3,8,37,4,1
5,9,6,3,3,14,0,0,0,3,8,37,4,1
5,9,6,3,3,14,0,0,0,2,8,37,4,1
5,9,6,3,3,14,0,0,0,2,8,37,3,1
5,9,6,3,3,14,0,0,0,2,8,36,3,1
5,9,6,3,3,14,0,0,0,2,8,36,2,1
5,9,7,3,3,14,0,0,0,2,8,36,2,1
5,9,7,3,3,13,0,0,0,2,8,36,2,1
5,9,7,3,3,13,0,0,0,3,8,36,2,1
5,9,7,2,3,13,0,0,0,3,8,36,2,1
5,9,7,2,3,13,0,0,0,3,8,35,2,1
5,9,7,3,3,13,0,0,0,3,8,35,2,1
5,9,7,4,3,13,0,0,0,3,8,35,2,1
6,9,7,4,3,13,0,0,0,3,8,35,2,1
5,9,8,4,3,13,0,0,0,3,8,35,2,1
5,9,8,4,4,13,0,0,0,3,8,35,2,1
5,9,8,5,4,13,0,0,0,3,8,35,2,1
5,9,8,5,3,13,0,0,0,3,8,35,2,1
5,9,8,5,3,13,0,0,0,3,8,34,2,1
5,9,8,5,4,13,0,0,0,3,8,34,2,1
5,8,8,5,4,13,0,0,0,3,8,34,2,1
5,8,8,5,3,13,0,0,0,3,8,34,2,1
4,8,8,5,3,13,0,0,0,3,8,34,2,1
4,8,8,5,3,13,0,0,0,3,8,34,3,1
4,9,8,5,3,13,0,0,0,3,8,34,3,1
4,9,8,5,3,13,0,0,0,3,8,34,4,1
4,9,8,5,3,13,0,0,0,3,7,34,4,1
4,9,8,5,4,13,0,0,0,3,7,34,4,1
4,9,8,5,4,14,0,0,0,3,7,34,4,1
4,9,8,5,4,14,0,0,0,2,7,34,4,1
5,9,8,5,4,14,0,0,0,2,7,34,4,1
5,9,8,5,3,14,0,0,0,2,7,34,4,1
5,9,8,5,3,14,0,0,0,2,7,33,4,1
5,9,8,5,3,14,0,0,0,2,7,33,3,1
6,9,8,5,3,14,0,0,0,2,7,33,3,1
6,9,8,5,4,14,0,0,0,2,7,33,3,1
6,9,8,5,4,14,0,0,0,2,7,32,3,1
6,9,8,5,4,14,0,0,0,2,7,32,2,1
6,9,8,5,4,14,0,0,0,2,7,32,1,1
6,9,8,5,4,13,0,0,0,2,7,32,1,1
7,9,8,5,4,13,0,0,0,2,7,32,1,1
7,9,8,5,4,13,0,0,0,2,8,32,1,1
7,9,8,5,4,13,0,0,0,1,8,32,1,1
7,10,8,5,4,13,0,0,0,1,8,32,1,1
7,11,8,5,4,13,0,0,0,1,8,32,1,1
7,11,8,5,4,12,0,0,0,1,8,32,1,1
7,11,9,5,4,12,0,0,0,1,8,32,1,1
7,11,9,6,4,12,0,0,0,1,8,32,1,1
7,11,9,6,4,12,0,0,0,1,8,33,1,1
7,11,8,6,4,12,0,0,0,1,8,33,1,1
4,4,14,10,1,5,3,0,0,0,0,40,0,1
5,4,14,10,1,5,3,0,0,0,0,41,0,1
6,4,14,10,1,5,3,0,0,0,0,41,0,1
6,4,14,10,1,5,3,0,0,0,1,41,0,1
5,4,14,10,1,5,3,0,0,0,1,41,0,1
7,3,13,11,1,5,3,0,0,2,2,41,0,-1
7,3,13,11,1,5,3,0,0,2,2,42,0,-1
6,3,12,11,1,4,2,0,0,1,6,42,1,-1
6,2,12,11,1,4,2,0,0,1,6,42,1,-1
6,2,12,11,1,4,2,0,0,1,6,42,0,-1
6,2,12,11,2,4,2,0,0,1,6,42,0,-1
6,2,12,11,2,4,3,0,0,1,6,42,0,-1
6,2,12,11,2,4,3,0,0,1,5,42,0,-1
6,2,12,12,2,4,3,0,0,1,5,42,0,-1
6,2,12,12,2,5,3,0,0,1,5,42,0,-1
6,2,12,12,2,5,3,0,0,1,4,42,0,-1
6,2,13,12,2,5,3,0,0,1,4,42,0,-1
6,2,13,12,2,5,3,0,0,1,3,42,0,-1
7,2,13,12,2,5,3,0,0,1,3,42,0,-1
7,2,13,12,2,5,3,0,0,0,3,42,0,-1
7,2,13,12,2,6,3,0,0,1,3,42,0,-1
7,2,13,12,2,6,3,0,0,2,3,42,0,-1
7,1,13,12,2,6,3,0,0,2,3,42,0,-1
7,1,13,11,2,6,3,0,0,2,3,42,0,-1
7,2,13,11,2,6,3,0,0,2,3,42,0,-1
7,2,13,11,2,6,2,0,0,2,3,42,0,-1
7,2,13,11,2,7,2,0,0,2,3,42,0,-1
7,2,12,11,2,7,2,0,0,2,3,42,0,-1
7,2,12,11,2,7,2,0,0,2,3,43,0,-1
7,2,12,10,2,7,2,0,0,2,3,43,0,-1
6,2,12,10,2,7,2,0,0,2,3,43,0,-1
6,2,12,10,2,7,2,0,0,2,4,43,0,-1
6,2,12,9,2,7,2,0,0,2,4,43,0,-1
7,2,12,9,2,7,2,0,0,2,4,43,0,-1
7,2,12,9,2,8,2,0,0,2,4,43,0,-1
7,2,12,9,2,8,2,0,0,1,4,43,0,-1
7,3,12,9,2,8,2,0,0,1,4,43,0,-1
7,3,12,9,2,8,2,0,0,1,4,42,0,-1
7,3,12,9,2,8,2,0,0,2,4,42,0,-1
7,3,12,9,2,8,2,0,0,2,4,42,1,-1
7,4,12,9,2,8,2,0,0,2,4,42,1,-1
7,4,12,9,2,8,2,0,0,2,3,42,1,-1
6,4,12,9,2,8,2,0,0,2,3,42,1,-1
6,4,12,9,2,8,3,0,0,2,3,42,1,-1
6,4,12,9,2,8,2,0,0,2,3,43,1,-1
6,4,12,8,2,8,2,0,0,2,3,43,1,-1
6,4,12,8,2,8,1,0,0,2,3,43,1,-1
6,4,12,8,2,8,1,0,0,2,2,43,1,-1
7,4,12,8,2,8,1,0,0,2,2,43,1,-1
7,4,12,8,2,8,2,0,0,2,2,43,1,-1
7,4,12,8,2,8,2,0,0,2,1,43,1,-1
7,4,12,8,2,7,2,0,0,2,1,43,1,-1
7,4,11,8,2,7,2,0,0,2,1,43,1,-1
7,4,10,8,2,7,2,0,0,2,1,43,1,-1
7,4,10,8,2,7,2,0,0,1,1,43,1,-1
7,4,10,8,2,7,2,0,0,1,2,43,1,-1
7,4,10,8,2,7,2,0,0,0,2,43,1,-1
7,4,10,8,2,7,2,0,0,0,2,43,2,-1
7,4,10,8,2,7,2,0,0,0,3,43,2,-1
7,4,10,8,2,7,2,0,0,0,3,43,3,-1
7,4,10,8,2,6,2,0,0,0,3,43,3,-1
8,4,10,8,2,6,2,0,0,0,3,43,3,-1
9,4,10,8,2,6,2,0,0,0,3,43,3,-1
9,4,10,9,2,6,2,0,0,0,3,43,3,-1
9,4,11,9,2,6,2,0,0,0,3,43,3,-1
9,4,11,9,2,6,2,0,0,0,4,43,3,-1
9,4,11,9,2,6,2,0,0,0,4,43,2,-1
9,4,12,9,2,6,2,0,0,0,4,43,2,-1
9,4,12,9,2,7,2,0,0,0,4,43,2,-1
8,6,13,10,2,4,3,0,0,1,5,43,2,-1
8,6,13,10,2,4,4,0,0,1,5,43,2,-1
8,6,13,11,2,4,4,0,0,1,5,43,2,-1
8,6,13,11,2,4,4,0,0,1,5,43,1,-1
8,6,13,11,2,4,4,0,0,0,5,43,1,-1
8,5,13,11,2,4,4,0,0,0,5,43,1,-1
8,5,13,11,1,4,4,0,0,0,5,43,1,-1
8,5,13,11,1,4,4,0,0,0,6,43,1,-1
8,5,13,11,1,4,4,0,0,0,7,43,1,-1
8,5,13,11,1,4,4,0,0,0,6,42,1,-1
8,6,13,11,1,4,4,0,0,0,6,42,1,-1
8,6,13,11,1,4,4,0,0,0,6,43,1,-1
8,6,13,11,1,3,4,0,0,0,6,43,1,-1
8,5,13,11,1,3,4,0,0,0,6,43,1,-1
8,5,13,11,1,3,4,0,0,0,5,43,1,-1
8,5,13,11,1,2,4,0,0,0,5,43,1,-1
8,5,13,11,1,2,4,0,0,0,5,43,2,-1
8,5,13,11,1,2,5,0,0,0,5,43,2,-1
8,5,13,11,1,2,5,0,0,1,5,43,2,-1
8,6,13,12,2,7,4,0,0,0,5,41,3,-1
7,6,13,12,2,7,4,0,0,0,5,41,3,-1
7,6,13,12,2,8,4,0,0,0,5,41,3,-1
7,6,13,12,2,8,5,0,0,0,5,41,3,-1
7,6,13,12,2,8,5,0,0,0,5,40,3,-1
7,6,13,11,2,8,5,0,0,0,5,40,3,-1
7,6,13,11,2,8,5,0,0,0,5,39,3,-1
7,6,13,11,2,8,5,0,0,1,5,39,3,-1
6,6,13,11,2,8,5,0,0,1,5,39,3,-1
6,6,13,11,2,8,5,0,0,1,5,40,3,-1
6,6,13,11,2,8,5,0,0,1,5,40,2,-1
6,6,13,11,2,8,5,0,0,0,5,40,2,-1
6,6,13,11,2,8,5,0,0,0,5,41,2,-1
6,6,13,11,2,8,5,0,0,1,5,41,2,-1
6,6,13,11,2,7,5,0,0,1,5,41,2,-1
6,6,13,11,2,7,5,0,0,1,5,40,2,-1
6,6,13,11,2,7,5,0,0,2,5,40,2,-1
6,6,13,11,2,8,5,0,0,2,5,40,2,-1
7,6,13,11,2,8,5,0,0,2,5,40,2,-1
7,6,13,11,2,8,5,0,0,3,5,40,2,-1
6,6,13,11,2,8,5,0,0,3,5,40,2,-1
6,6,13,12,2,8,5,0,0,3,5,40,2,-1
6,6,13,12,2,8,4,0,0,3,5,40,2,-1
6,6,14,12,2,8,4,0,0,3,5,40,2,-1
6,6,14,12,2,8,4,0,0,2,5,40,2,-1
6,6,14,12,2,8,4,0,0,2,5,40,1,-1
6,6,14,12,2,8,4,0,0,2,5,41,1,-1
6,6,14,12,2,8,4,0,0,2,6,41,1,-1
6,6,14,11,2,8,4,0,0,2,6,41,1,-1
6,6,14,11,2,8,4,0,0,2,7,41,1,-1
6,7,14,11,2,8,4,0,0,2,7,41,1,-1
6,7,14,11,2,8,4,0,0,2,8,41,1,-1
6,8,14,11,2,8,4,0,0,2,8,41,1,-1
6,8,14,11,2,8,5,0,0,2,8,41,1,-1
6,8,14,11,2,8,5,0,0,2,9,41,1,-1
6,8,14,11,2,8,5,0,0,3,9,41,1,-1
7,8,14,11,2,8,5,0,0,3,9,41,1,-1
7,8,14,11,2,8,5,0,0,3,9,41,0,-1
7,8,14,11,2,8,5,0,0,3,10,41,0,-1
8,8,14,11,2,8,5,0,0,3,10,41,0,-1
7,8,14,11,2,8,5,0,0,3,10,41,1,-1
7,8,14,11,2,8,5,0,0,3,10,40,1,-1
7,8,14,11,2,8,5,0,0,3,9,40,1,-1
7,8,15,11,2,8,5,0,0,3,9,40,1,-1
7,8,15,12,2,8,5,0,0,3,9,40,1,-1
7,8,15,12,2,8,5,0,0,3,9,41,1,-1
7,8,15,12,2,8,5,0,0,2,9,41,1,-1
6,8,15,12,2,8,5,0,0,2,9,41,1,-1
5,11,14,14,2,10,5,0,0,3,8,41,0,-1
5,11,15,14,2,10,5,0,0,3,8,41,0,-1
5,11,15,14,2,10,5,0,0,3,7,41,0,-1
5,11,14,14,2,10,5,0,0,3,7,41,0,-1
5,11,14,14,2,10,5,0,0,3,7,40,0,-1
5,11,13,13,2,10,5,0,0,3,7,41,0,-1
5,11,13,13,2,11,5,0,0,3,7,41,0,-1
3,1,6,3,1,3,3,0,0,0,0,60,0,1
3,1,6,2,1,3,3,0,0,0,0,60,0,1
3,1,6,2,1,3,3,0,0,0,1,60,0,1
1,3,2,7,0,7,3,0,0,3,11,58,1,-1
1,3,2,7,0,7,3,0,0,3,11,58,2,-1
1,4,2,7,0,7,3,0,0,3,11,58,2,-1
1,4,2,7,0,7,3,0,0,3,11,58,3,-1
1,4,2,7,0,7,3,0,0,3,11,58,4,-1
1,4,3,7,0,7,3,0,0,3,11,58,4,-1
1,4,3,7,0,7,3,0,0,3,10,58,4,-1
1,3,3,7,0,7,3,0,0,3,10,58,4,-1
1,3,4,7,0,7,3,0,0,3,10,58,4,-1
1,3,4,7,0,7,3,0,0,3,9,58,4,-1
1,3,4,7,0,7,3,0,0,3,10,58,3,-1
1,3,5,7,0,7,3,0,0,3,10,58,3,-1
1,4,5,7,0,7,3,0,0,3,10,58,3,-1
1,4,5,7,0,8,3,0,0,3,10,58,3,-1
1,4,5,7,0,8,3,0,0,3,10,58,2,-1
1,4,5,7,0,8,2,0,0,3,10,58,3,-1
1,4,5,7,0,9,2,0,0,3,10,58,3,-1
1,4,5,7,0,9,2,0,0,3,11,58,3,-1
1,4,5,7,0,9,1,0,0,3,11,58,3,-1
2,4,5,7,0,9,1,0,0,3,11,58,3,-1
2,4,5,7,0,10,1,0,0,3,11,58,3,-1
8,17,0,0,2,0,5,0,0,3,15,61,4,1
8,17,0,0,2,0,5,0,0,3,15,62,4,1
8,17,0,0,2,0,4,0,0,3,15,62,4,1
8,17,0,0,2,0,4,0,0,3,14,62,4,1
8,17,0,0,2,0,4,0,0,2,14,62,4,1
8,17,0,0,2,0,4,0,0,2,13,62,4,1
8,17,0,0,3,0,4,0,0,2,13,62,4,1
9,17,0,0,3,0,4,0,0,2,13,62,4,1
9,17,0,0,3,0,4,0,0,2,13,61,4,1
9,17,0,0,3,0,3,0,0,2,13,61,4,1
9,17,0,0,3,0,3,0,0,2,12,61,4,1
9,17,0,0,3,0,2,0,0,2,12,61,4,1
9,18,0,0,3,0,2,0,0,2,12,61,4,1
9,18,0,0,3,1,2,0,0,2,12,61,4,1
9,18,0,0,2,1,2,0,0,2,12,61,4,1
9,17,0,0,2,1,2,0,0,2,12,61,4,1
9,17,0,0,2,1,2,0,0,2,12,60,4,1
9,16,0,0,2,1,2,0,0,2,12,60,4,1
9,16,0,0,2,1,2,0,0,2,12,60,3,1
9,17,0,0,2,1,2,0,0,2,12,60,3,1
9,18,0,0,2,1,2,0,0,2,12,60,3,1
8,18,0,0,2,1,2,0,0,2,12,60,3,1
8,18,0,0,2,1,2,0,0,2,12,60,2,1
8,18,1,0,2,1,2,0,0,2,12,60,2,1
8,18,2,0,2,1,2,0,0,2,12,60,2,1
8,18,2,0,2,2,2,0,0,2,12,60,2,1
8,18,2,0,2,2,2,0,0,2,11,60,2,1
9,18,2,0,2,2,2,0,0,2,12,60,2,1
9,18,2,0,2,1,2,0,0,2,12,60,2,1
9,18,2,0,2,2,2,0,0,2,11,60,2,1
9,18,2,0,2,2,2,0,0,2,11,60,3,1
9,18,2,0,2,2,2,0,0,2,11,61,3,1
9,18,2,0,2,3,2,0,0,2,11,61,3,1
9,18,2,1,2,3,2,0,0,2,11,61,3,1
9,19,2,1,2,3,2,0,0,2,11,61,3,1
9,19,2,1,2,4,2,0,0,2,11,61,3,1
9,19,2,1,3,4,2,0,0,2,11,61,3,1
9,19,1,1,3,4,2,0,0,2,11,61,3,1
9,19,1,1,3,4,2,0,0,2,12,61,3,1
9,19,1,1,3,4,2,0,0,2,12,60,3,1
9,19,2,1,3,4,2,0,0,2,12,60,3,1
9,18,1,1,3,4,2,0,0,2,11,60,3,1
9,18,1,1,4,4,2,0,0,2,11,60,3,1
9,18,1,0,4,4,2,0,0,2,11,60,3,1
9,18,1,0,4,4,2,0,0,2,10,60,3,1
9,18,1,1,4,4,2,0,0,2,10,60,3,1
9,18,1,1,4,4,2,0,0,2,10,61,3,1
9,18,1,1,4,4,2,0,0,2,9,61,3,1
9,18,1,1,4,5,2,0,0,2,9,61,3,1
9,18,2,1,4,5,2,0,0,2,9,61,3,1
9,18,2,2,4,5,2,0,0,2,9,61,3,1
9,18,2,2,4,5,2,0,0,2,10,61,3,1
9,18,3,2,4,5,2,0,0,2,10,61,3,1
9,18,2,2,4,4,2,0,0,2,10,61,3,1
9,18,2,2,4,4,2,0,0,1,10,61,3,1
9,18,1,2,4,4,2,0,0,2,10,61,3,1
9,18,1,2,4,4,2,0,0,2,10,60,3,1
9,18,1,2,4,4,2,0,0,1,10,60,3,1
9,18,1,2,4,4,1,0,0,1,10,60,3,1
9,18,1,2,4,4,0,0,0,1,10,60,3,1
9,18,1,2,4,4,0,0,0,1,10,60,4,1
9,18,1,2,4,4,1,0,0,1,10,60,4,1
9,18,1,2,4,4,1,0,0,1,10,60,5,1
9,18,1,1,4,4,1,0,0,1,10,60,5,1
9,18,1,1,4,4,1,0,0,1,9,60,5,1
9,18,1,1,4,4,1,0,0,1,9,60,6,1
9,18,2,1,4,4,1,0,0,1,9,60,6,1
9,18,2,1,4,4,1,0,0,1,9,59,6,1
9,17,2,1,4,4,1,0,0,1,9,59,6,1
9,17,2,1,3,4,1,0,0,1,9,59,6,1
9,17,2,1,3,4,2,0,0,1,9,59,6,1
9,17,3,1,3,4,2,0,0,1,9,59,6,1
9,17,3,1,3,4,2,0,0,1,9,59,5,1
9,17,3,1,3,5,2,0,0,1,9,59,5,1
9,17,2,1,3,5,2,0,0,1,9,59,5,1
9,17,1,1,3,5,2,0,0,1,9,59,5,1
9,17,1,1,3,5,2,0,0,1,8,59,5,1
9,17,1,1,4,5,2,0,0,1,8,59,5,1
9,17,2,1,4,5,2,0,0,1,8,59,5,1
9,17,2,1,4,5,2,0,0,1,9,59,5,1
8,17,2,1,4,5,2,0,0,1,8,59,5,1
8,17,2,1,4,5,2,0,0,2,8,59,5,1
8,17,2,1,4,4,2,0,0,2,8,59,5,1
8,18,2,1,4,4,2,0,0,2,8,59,5,1
8,18,2,1,4,5,2,0,0,2,8,59,5,1
8,18,2,1,3,5,2,0,0,2,8,59,5,1
8,18,2,0,3,5,2,0,0,2,8,59,5,1
8,18,1,0,3,5,2,0,0,2,8,59,5,1
8,18,1,0,3,5,2,0,0,2,8,58,5,1
8,18,1,0,3,5,2,0,0,2,9,59,5,1
8,18,1,0,3,5,2,0,0,2,9,58,5,1
9,18,1,0,3,5,2,0,0,2,9,58,5,1
9,19,1,0,3,5,2,0,0,2,9,58,5,1
9,19,2,0,3,5,2,0,0,2,9,58,5,1
9,19,2,0,3,5,2,0,0,2,9,58,4,1
9,19,3,0,3,5,2,0,0,2,9,58,4,1
8,19,2,0,3,5,2,0,0,2,9,58,4,1
8,19,2,0,3,5,2,0,0,2,9,58,5,1
8,19,2,0,3,4,2,0,0,2,9,58,5,1
8,19,2,0,4,4,2,0,0,2,9,58,5,1
8,19,2,0,4,4,2,0,0,2,8,58,5,1
8,19,2,0,4,4,2,0,0,2,7,58,5,1
9,19,2,0,4,4,2,0,0,2,7,58,5,1
9,19,2,0,3,4,2,0,0,2,7,58,5,1
9,19,2,0,3,4,2,0,0,1,7,58,5,1
9,19,2,0,3,4,3,0,0,1,7,58,5,1
9,19,1,0,3,4,3,0,0,1,7,58,5,1
9,19,1,0,3,4,3,0,0,1,6,58,5,1
9,19,1,0,3,4,4,0,0,1,6,58,5,1
9,19,1,0,3,4,4,0,0,2,6,58,5,1
9,19,1,0,3,4,4,0,0,2,7,58,5,1
9,18,1,0,3,4,4,0,0,2,7,58,5,1
9,18,1,0,3,4,4,0,0,2,8,58,5,1
9,18,1,0,3,4,4,0,0,2,8,58,4,1
9,18,1,0,3,4,4,0,0,2,8,59,4,1
9,18,1,0,3,4,3,0,0,2,8,59,4,1
9,18,1,0,4,4,3,0,0,2,8,59,4,1
9,18,1,0,4,4,3,0,0,2,9,59,4,1
9,18,0,0,4,4,3,0,0,2,8,59,4,1
9,19,0,0,4,4,3,0,0,2,8,59,4,1
8,19,0,0,4,4,3,0,0,2,8,59,4,1
8,19,0,0,4,4,3,0,0,2,8,59,3,1
9,19,0,0,4,4,3,0,0,2,8,59,3,1
9,19,0,0,4,4,3,0,0,2,7,59,3,1
9,20,0,0,4,4,3,0,0,2,7,59,3,1
9,20,0,0,4,4,3,0,0,2,6,59,3,1
9,20,0,1,4,4,3,0,0,2,6,59,3,1
9,20,0,1,4,4,3,0,0,2,6,59,4,1
9,20,0,1,4,4,3,0,0,2,6,60,4,1
9,20,0,2,4,4,3,0,0,2,6,60,4,1
9,21,0,2,4,4,3,0,0,2,6,60,4,1
9,21,0,2,4,5,3,0,0,2,6,60,4,1
9,21,0,2,4,5,3,0,0,2,5,60,4,1
9,22,0,2,4,5,3,0,0,2,5,60,4,1
9,22,0,2,4,5,3,0,0,3,5,60,4,1
9,21,0,2,4,5,3,0,0,3,5,60,4,1
9,21,0,2,3,5,3,0,0,3,5,60,4,1
9,21,0,2,3,5,2,0,0,3,5,60,4,1
4,0,13,5,4,0,5,0,0,0,1,40,0,1
4,0,13,5,4,0,5,0,0,1,1,40,0,1
4,0,12,5,4,0,5,0,0,1,1,40,0,1
4,0,12,4,4,0,5,0,0,1,1,40,0,1
4,0,12,4,4,0,5,0,0,1,1,40,1,1
4,0,12,4,4,0,5,0,0,1,2,40,1,1
4,0,13,4,4,0,5,0,0,1,2,40,1,1
4,0,14,4,4,0,5,0,0,1,2,40,1,1
4,0,14,4,5,0,5,0,0,1,2,40,1,1
4,0,14,4,5,0,5,0,0,1,3,40,1,1
4,0,14,4,5,0,4,0,0,1,2,40,1,1
4,0,13,4,5,0,4,0,0,1,2,40,1,1
4,0,13,4,5,0,4,0,0,2,2,40,1,1
4,0,13,4,5,0,3,0,0,2,2,40,1,1
4,0,13,4,4,0,3,0,0,2,2,40,1,1
4,0,13,4,4,0,3,0,0,2,2,40,2,1
4,0,13,5,4,0,3,0,0,2,2,40,2,1
4,0,13,5,4,0,4,0,0,2,2,40,2,1
4,0,14,5,4,0,4,0,0,2,2,40,2,1
4,0,14,5,4,0,5,0,0,2,2,40,2,1
4,0,14,5,3,0,5,0,0,2,2,40,2,1
4,0,14,5,3,0,4,0,0,2,2,40,2,1
4,0,14,5,3,0,4,0,0,2,2,40,3,1
4,0,14,5,2,0,4,0,0,2,2,40,2,1
4,0,14,6,2,0,4,0,0,2,2,40,2,1
4,0,13,6,2,0,4,0,0,2,2,40,2,1
4,0,13,6,2,0,4,0,0,2,2,39,2,1
4,0,13,7,2,0,4,0,0,2,2,39,2,1
4,0,13,7,2,0,4,0,0,2,1,39,2,1
5,0,13,7,2,0,4,0,0,2,1,39,2,1
5,0,13,7,2,0,4,0,0,2,1,39,1,1
5,0,13,6,2,0,4,0,0,2,1,39,1,1
5,0,13,5,2,0,4,0,0,2,1,39,1,1
5,0,13,5,2,0,5,0,0,2,1,39,1,1
5,0,13,5,2,0,5,0,0,2,1,40,1,1
5,0,13,5,2,0,5,0,0,2,0,40,1,1
5,0,13,5,1,0,5,0,0,2,0,40,1,1
5,0,13,5,2,0,5,0,0,3,0,40,1,1
5,1,13,5,2,0,5,0,0,3,0,40,1,1
5,2,13,5,2,0,5,0,0,3,0,40,1,1
5,2,14,5,2,0,5,0,0,3,0,40,1,1
5,2,13,5,3,0,5,0,0,3,0,40,1,1
6,2,13,5,3,0,5,0,0,3,0,40,1,1
6,2,14,5,3,0,5,0,0,3,0,40,1,1
6,2,14,5,3,0,5,0,0,3,1,40,1,1
6,2,14,5,3,0,5,0,0,3,2,40,1,1
6,2,13,5,3,0,5,0,0,3,2,40,1,1
6,2,13,5,3,0,5,0,0,2,2,40,1,1
6,2,13,4,3,0,5,0,0,3,2,40,1,1
6,3,13,4,3,0,5,0,0,3,2,40,1,1
7,3,13,4,3,0,5,0,0,3,2,40,1,1
7,3,13,4,3,0,5,0,0,3,3,40,1,1
7,3,13,4,3,0,5,0,0,3,3,40,0,1
7,3,13,4,4,0,5,0,0,3,3,40,0,1
7,3,13,4,4,0,5,0,0,2,3,40,0,1
7,3,13,4,4,0,5,0,0,2,3,39,0,1
7,3,14,4,4,0,5,0,0,2,3,39,0,1
7,3,14,3,4,0,5,0,0,2,3,39,0,1
7,3,14,3,4,0,5,0,0,2,4,39,0,1
7,3,14,3,4,0,5,0,0,2,4,40,0,1
7,3,14,2,4,0,5,0,0,2,4,40,0,1
7,3,13,2,4,0,5,0,0,2,4,40,0,1
7,3,13,2,3,0,5,0,0,2,4,40,0,1
7,3,13,2,3,0,5,0,0,2,5,40,0,1
7,3,14,2,3,0,5,0,0,2,5,40,0,1
7,3,14,2,2,0,5,0,0,2,5,40,0,1
7,3,13,2,2,0,5,0,0,2,5,40,0,1
7,3,13,2,2,0,5,0,0,2,5,40,1,1
7,3,13,2,3,0,5,0,0,2,5,40,1,1
7,3,13,2,3,0,5,0,0,2,4,40,1,1
7,3,13,3,3,0,5,0,0,2,4,40,0,1
7,3,13,3,3,0,5,0,0,2,5,40,0,1
7,4,13,3,3,0,5,0,0,2,5,40,0,1
7,5,13,3,3,0,5,0,0,2,5,40,0,1
7,4,14,3,3,0,5,0,0,2,5,40,0,1
6,4,14,3,3,0,5,0,0,2,5,40,0,1
6,4,14,3,3,0,5,0,0,2,5,39,0,1
6,4,14,3,3,0,5,0,0,1,5,39,0,1
6,4,14,3,4,0,5,0,0,1,5,39,0,1
6,4,14,3,4,0,5,0,0,1,6,39,0,1
6,5,14,3,4,0,5,0,0,1,6,39,0,1
6,5,14,3,4,0,5,0,0,1,5,39,0,1
6,5,14,3,4,0,5,0,0,1,5,38,0,1
6,5,14,3,4,0,5,0,0,1,4,38,0,1
6,5,14,3,5,0,5,0,0,1,4,38,0,1
6,5,14,3,5,0,5,0,0,1,4,38,1,1
6,5,14,2,5,0,5,0,0,1,4,38,1,1
6,5,14,2,5,0,5,0,0,1,3,38,1,1
6,5,14,2,5,0,5,0,0,1,3,37,1,1
6,5,14,3,5,0,5,0,0,1,3,37,1,1
6,5,14,3,6,0,5,0,0,1,3,37,1,1
5,5,14,3,6,0,5,0,0,1,3,37,1,1
5,5,14,3,6,0,5,0,0,0,3,37,1,1
5,5,15,3,6,0,5,0,0,0,3,37,1,1
5,5,16,3,6,0,5,0,0,0,3,37,1,1
5,5,16,3,6,0,5,0,0,0,4,37,1,1
5,5,16,3,6,0,5,0,0,0,4,38,1,1
5,5,17,3,6,0,5,0,0,0,4,38,1,1
5,5,17,2,6,0,5,0,0,0,4,38,1,1
5,5,17,2,6,0,5,0,0,0,5,38,1,1
5,5,17,2,6,0,5,0,0,0,5,37,1,1
5,5,17,2,6,0,5,0,0,0,5,37,0,1
5,5,18,2,6,0,5,0,0,0,5,38,1,1
5,5,18,2,6,0,5,0,0,0,5,39,1,1
5,5,18,2,6,0,5,0,0,0,6,39,1,1
5,5,19,2,6,0,5,0,0,0,6,39,1,1
5,6,19,2,6,0,5,0,0,0,6,39,1,1
4,5,19,2,6,0,5,0,0,0,6,39,1,1
4,5,19,2,6,0,5,0,0,0,6,38,1,1
4,6,19,2,6,0,5,0,0,0,6,38,1,1
4,6,19,2,6,0,5,0,0,0,6,38,2,1
4,6,19,2,6,0,5,0,0,0,7,38,2,1
4,6,19,2,5,0,5,0,0,0,7,38,2,1
4,6,19,2,4,0,5,0,0,0,7,38,2,1
4,6,19,2,4,0,5,0,0,0,7,38,1,1
4,6,19,2,5,0,5,0,0,0,7,38,1,1
4,6,19,2,3,0,5,0,0,0,7,38,1,1
4,6,19,2,3,0,5,0,0,0,6,38,1,1
4,6,19,2,3,0,5,0,0,1,6,38,1,1
4,6,19,1,3,0,5,0,0,1,6,38,1,1
4,6,19,1,4,0,5,0,0,1,6,38,1,1
4,6,19,1,4,0,5,0,0,1,6,38,0,1
4,5,19,1,4,0,5,0,0,1,6,38,0,1
4,5,19,1,4,0,5,0,0,2,6,38,0,1
4,5,19,1,4,0,5,0,0,2,6,38,1,1
4,5,19,1,4,0,5,0,0,2,6,39,0,1
4,6,19,1,4,0,5,0,0,2,6,39,0,1
4,6,19,1,4,0,5,0,0,2,6,40,0,1
4,6,19,1,4,0,5,0,0,1,6,40,0,1
4,6,18,1,4,0,5,0,0,1,6,40,0,1
5,6,19,1,4,0,5,0,0,1,6,40,0,1
5,6,19,1,4,0,5,0,0,1,5,40,0,1
5,6,19,1,4,0,5,0,0,1,5,40,1,1
5,6,19,2,4,0,5,0,0,1,5,40,1,1
5,6,19,2,5,0,5,0,0,1,5,40,1,1
5,6,19,2,5,0,5,0,0,1,5,40,2,1
5,6,19,1,5,0,5,0,0,1,5,40,2,1
5,5,19,1,5,0,5,0,0,1,5,40,2,1
5,5,19,1,5,0,5,0,0,1,5,39,2,1
5,5,19,1,6,0,5,0,0,1,5,39,2,1
5,5,19,1,5,0,5,0,0,1,5,38,2,1
5,5,19,1,5,0,5,0,0,1,5,38,3,1
5,5,19,2,5,0,5,0,0,1,5,38,3,1
5,5,18,2,5,0,5,0,0,1,5,38,3,1
5,6,18,2,5,0,5,0,0,1,5,38,3,1
5,6,18,2,5,0,5,0,0,1,6,38,3,1
5,6,18,2,5,0,4,0,0,1,6,38,3,1
4,6,18,2,5,0,4,0,0,1,6,38,3,1
4,6,18,2,6,0,4,0,0,1,6,38,3,1
4,6,18,2,6,0,4,0,0,1,7,38,3,1
4,6,18,2,6,0,4,0,0,1,7,38,2,1
4,0,17,8,3,4,2,0,0,1,7,41,6,-1
4,0,16,8,3,4,2,0,0,1,7,41,6,-1
5,0,16,8,3,4,2,0,0,1,7,41,6,-1
5,0,16,8,3,4,2,0,0,1,7,41,7,-1
5,0,16,8,4,4,2,0,0,1,7,41,7,-1
5,0,16,8,4,4,2,0,0,1,7,41,6,-1
5,0,16,8,4,4,2,0,0,1,6,41,6,-1
6,0,16,8,4,4,2,0,0,1,6,41,6,-1
6,0,16,8,4,4,2,0,0,1,5,41,6,-1
6,0,16,8,3,4,2,0,0,1,5,41,6,-1
7,0,16,8,3,4,2,0,0,1,5,41,6,-1
7,0,16,7,3,4,2,0,0,1,5,41,6,-1
7,0,16,7,4,4,2,0,0,1,5,41,6,-1
8,1,16,7,4,6,3,0,0,0,4,39,6,1
8,1,16,7,5,6,3,0,0,0,4,39,6,1
8,1,16,7,5,7,3,0,0,0,4,39,6,1
6,1,16,9,1,9,5,0,0,0,12,41,3,-1
6,1,16,9,1,10,5,0,0,0,12,41,3,-1
6,1,16,9,1,11,5,0,0,0,12,41,3,-1
6,1,16,9,1,11,5,0,0,0,11,41,3,-1
6,1,17,9,1,11,5,0,0,0,11,41,3,-1
6,1,17,9,1,12,5,0,0,0,11,41,3,-1
3,1,14,5,2,3,3,0,0,0,0,80,0,1
3,1,14,4,2,3,3,0,0,0,0,80,0,1
4,1,14,4,2,3,3,0,0,0,0,80,0,1
4,1,14,4,2,2,3,0,0,0,0,80,0,1
4,1,14,4,2,1,3,0,0,0,0,80,0,1
4,0,14,4,2,1,3,0,0,0,0,80,0,1
4,1,14,4,2,1,3,0,0,0,0,81,0,1
4,1,14,4,2,1,2,0,0,0,0,81,0,1
4,1,15,4,2,1,3,0,0,0,0,81,0,1
4,1,15,4,2,1,3,0,0,0,0,81,1,1
4,1,15,4,3,1,3,0,0,0,0,81,1,1
4,1,15,4,2,1,3,0,0,1,0,81,1,1
4,1,15,4,2,1,3,0,0,1,0,80,1,1
4,1,15,4,2,2,3,0,0,1,0,80,1,1
4,2,15,4,2,2,3,0,0,1,0,80,1,1
4,2,15,4,2,3,3,0,0,1,0,80,1,1
4,2,15,4,2,3,3,0,0,2,0,80,1,1
4,2,16,4,2,3,3,0,0,2,0,80,1,1
4,2,17,4,2,3,3,0,0,2,0,80,1,1
4,2,18,4,2,3,3,0,0,2,0,80,1,1
4,2,19,4,2,3,3,0,0,2,0,80,1,1
4,1,19,4,2,3,3,0,0,2,0,80,1,1
4,1,18,4,2,3,3,0,0,2,0,80,1,1
4,1,19,4,2,3,3,0,0,3,0,80,1,1
4,1,19,4,1,3,3,0,0,3,0,80,1,1
4,1,19,4,1,3,4,0,0,3,0,80,1,1
4,2,19,4,1,3,4,0,0,3,0,80,1,1
4,2,18,4,1,3,4,0,0,3,0,80,1,1
4,2,18,4,1,3,4,0,0,3,1,80,1,1
5,2,18,4,1,3,4,0,0,3,1,80,1,1
4,2,19,4,1,3,4,0,0,3,1,80,1,1
4,2,19,5,1,3,4,0,0,3,1,80,1,1
4,1,19,5,1,3,4,0,0,3,1,80,1,1
4,1,19,5,1,2,4,0,0,3,1,80,1,1
4,1,19,6,1,2,4,0,0,3,1,80,1,1
4,1,19,6,1,2,4,0,0,2,1,80,1,1
3,2,16,7,0,5,2,1,0,0,0,79,2,-1
3,2,16,7,0,5,2,1,0,0,0,80,2,-1
3,3,16,7,0,5,2,1,0,0,0,80,2,-1
3,3,16,7,0,5,2,1,0,0,0,79,2,-1
3,3,15,7,0,5,2,1,0,0,0,79,2,-1
3,3,15,7,0,5,2,2,0,0,0,79,2,-1
3,3,15,7,0,5,1,2,0,0,0,79,2,-1
3,3,15,7,0,5,1,3,0,0,0,79,2,-1
3,3,15,7,0,6,1,3,0,0,0,79,2,-1
3,3,15,7,0,6,1,3,0,0,0,78,2,-1
3,2,15,7,0,6,1,3,0,0,0,78,2,-1
3,2,15,6,0,6,1,3,0,0,0,78,2,-1
3,1,15,6,0,6,1,3,0,0,0,78,2,-1
3,1,15,6,0,6,1,3,0,0,0,78,1,-1
3,1,16,6,0,6,1,3,0,0,0,78,1,-1
3,1,16,6,0,6,1,3,0,0,0,78,0,-1
3,0,16,6,0,6,1,3,0,0,0,78,0,-1
3,0,15,6,0,6,1,3,0,0,0,78,0,-1
3,0,15,6,0,7,1,3,0,0,0,78,0,-1
3,0,15,6,0,7,1,2,0,0,0,78,0,-1
3,0,15,5,0,7,1,2,0,0,0,78,0,-1
3,0,15,5,0,8,1,2,0,0,0,78,0,-1
3,0,15,5,0,8,1,3,0,0,0,78,0,-1
3,0,15,6,0,8,1,3,0,0,0,78,0,-1
3,0,15,6,0,8,1,2,0,0,0,78,0,-1
3,0,15,7,0,8,1,3,0,0,0,78,0,-1
3,0,16,5,0,8,1,3,0,0,0,78,0,-1
3,0,16,4,0,8,1,3,0,0,0,78,0,-1
3,0,16,4,0,9,1,3,0,0,0,78,0,-1
3,0,15,4,0,9,1,3,0,0,0,78,0,-1
3,0,15,4,0,9,1,4,0,0,0,78,0,-1
3,0,15,4,0,9,2,4,0,0,0,78,0,-1
3,0,16,7,0,8,1,2,0,0,1,78,1,-1
3,0,16,7,0,8,1,3,0,0,1,78,1,-1
3,0,16,7,0,8,1,4,0,0,1,78,1,-1
3,0,16,7,0,8,1,4,0,0,1,78,0,-1
3,0,16,7,0,8,2,4,0,0,1,78,0,-1
3,0,16,7,0,8,2,4,0,0,0,78,0,-1
3,0,16,8,0,8,2,4,0,0,0,78,0,-1
2,0,16,8,0,8,2,4,0,0,0,78,0,-1
3,0,16,7,0,8,2,3,0,0,0,78,0,-1
3,0,16,6,0,8,2,3,0,0,0,78,0,-1
3,0,16,7,0,8,3,3,0,0,0,78,0,-1
3,0,15,7,0,8,3,3,0,0,0,78,0,-1
3,0,15,7,0,8,2,3,0,0,0,78,0,-1
3,0,15,7,0,8,2,4,0,0,0,78,0,-1
3,0,15,7,0,8,1,4,0,0,0,78,0,-1
3,0,15,7,0,9,1,4,0,0,0,78,0,-1
3,0,15,7,0,9,1,4,0,0,0,79,0,-1
3,0,15,7,0,9,1,4,0,0,0,80,0,-1
3,0,15,7,0,9,2,4,0,0,0,80,0,-1
2,0,15,7,0,9,2,4,0,0,0,80,0,-1
3,0,7,6,1,5,5,0,0,0,1,40,0,1
3,1,7,6,1,5,5,0,0,0,1,40,0,1
3,1,7,6,1,5,5,0,0,0,1,41,0,1
3,1,7,7,1,5,5,0,0,0,1,41,0,1
3,1,7,7,1,5,5,0,0,0,1,41,1,1
3,1,7,7,1,5,5,0,0,1,1,41,1,1
3,1,7,7,1,5,5,0,0,1,1,41,2,1
6,2,8,6,0,3,2,0,0,0,18,50,0,1
6,3,8,6,0,3,2,0,0,0,18,50,0,1
6,3,8,6,0,3,2,0,0,0,18,51,0,1
6,4,8,6,0,3,2,0,0,0,18,51,0,1
6,4,8,6,0,3,3,0,0,0,18,51,0,1
6,4,8,7,0,3,3,0,0,0,18,51,0,1
6,4,8,7,0,3,3,0,0,0,19,51,0,1
6,4,8,7,0,3,2,0,0,0,19,51,0,1
6,4,8,7,0,3,2,0,0,0,19,52,0,1
6,3,8,7,0,3,2,0,0,0,19,52,0,1
6,3,8,7,0,3,2,0,0,0,19,53,0,1
6,3,8,7,0,3,2,0,0,0,20,53,0,1
6,3,8,7,0,3,3,0,0,0,20,53,0,1
6,3,7,7,0,3,3,0,0,0,20,53,0,1
6,3,7,7,0,3,4,0,0,0,20,53,0,1
6,3,8,5,0,3,3,0,0,0,20,53,1,1
1,8,9,8,1,13,1,1,0,2,27,49,10,1
1,8,9,8,1,13,1,1,0,2,28,49,10,1
1,8,9,8,1,13,1,1,0,2,28,49,9,1
1,8,9,8,1,13,1,2,0,2,28,49,9,1
1,8,9,8,1,13,1,2,0,2,29,49,9,1
1,9,9,8,1,13,1,2,0,2,29,49,9,1
1,9,9,8,1,14,1,2,0,2,29,49,9,1
1,9,9,8,1,14,1,2,0,2,29,48,9,1
1,9,9,8,1,14,1,2,0,2,30,48,9,1
1,9,9,8,1,14,1,1,0,2,30,48,9,1
1,9,9,9,1,14,1,1,0,2,30,48,9,1
1,9,9,9,1,15,1,1,0,2,30,48,9,1
1,9,8,9,1,15,1,1,0,2,30,48,9,1
1,9,9,9,1,15,1,2,0,2,30,48,9,1
1,9,9,10,1,15,1,2,0,2,30,48,9,1
1,9,9,10,1,14,1,2,0,2,30,48,9,1
1,9,9,10,1,14,1,2,0,2,30,47,9,1
1,9,9,10,1,14,2,2,0,2,30,47,9,1
1,9,9,9,1,14,2,2,0,2,30,47,9,1
1,9,9,9,1,14,2,2,0,2,30,47,8,1
1,9,9,8,1,14,2,2,0,2,30,47,8,1
1,9,9,8,2,14,2,2,0,2,30,47,8,1
1,9,9,8,2,14,1,2,0,2,30,47,8,1
1,9,9,8,3,14,1,2,0,2,30,47,8,1
1,9,9,7,3,14,1,2,0,2,30,47,8,1
1,9,9,7,3,14,1,2,0,2,30,47,7,1
1,9,9,7,3,14,1,3,0,2,30,47,7,1
1,9,9,7,3,14,1,3,0,2,29,47,7,1
1,9,9,7,3,14,1,3,0,2,29,46,7,1
1,9,8,7,3,14,1,3,0,2,29,46,7,1
1,9,8,7,4,14,1,3,0,2,29,46,7,1
1,9,8,7,5,14,1,3,0,2,29,46,7,1
1,9,8,7,5,13,1,3,0,2,29,46,7,1
2,9,8,7,5,13,1,3,0,2,29,46,7,1
2,10,8,7,5,13,1,3,0,2,29,46,7,1
3,10,8,7,5,13,1,3,0,2,29,46,7,1
3,11,8,7,5,13,1,3,0,2,29,46,7,1
3,11,8,8,5,13,1,3,0,2,29,46,7,1
3,10,8,8,5,13,1,3,0,2,29,46,7,1
3,10,8,8,5,13,1,3,0,2,29,46,8,1
3,10,8,8,6,13,1,3,0,2,29,46,8,1
3,10,8,8,6,13,1,2,0,2,29,46,8,1
3,10,8,8,6,13,1,1,0,2,29,46,8,1
2,10,8,8,6,13,1,2,0,2,29,46,8,1
2,10,8,8,6,13,1,2,0,2,28,46,8,1
2,10,8,8,5,13,1,2,0,2,28,46,8,1
2,10,8,8,5,12,1,2,0,2,28,46,8,1
2,10,8,8,5,12,1,2,0,2,29,46,8,1
2,10,8,9,5,12,1,2,0,2,29,46,8,1
2,10,8,9,4,12,1,2,0,2,29,46,8,1
2,10,8,9,4,12,1,2,0,1,29,46,8,1
2,10,9,9,4,12,1,2,0,1,29,46,8,1
2,10,9,9,4,12,1,2,0,1,28,46,8,1
2,11,9,9,4,12,1,2,0,1,29,46,8,1
2,11,9,9,4,12,2,2,0,1,29,46,8,1
2,11,9,9,4,12,3,2,0,1,29,46,8,1
2,11,9,9,4,13,3,2,0,1,29,46,8,1
2,11,9,9,4,13,3,2,0,1,29,47,8,1
1,11,9,9,4,13,3,2,0,1,29,47,8,1
1,11,9,10,4,13,3,2,0,1,29,47,8,1
1,11,9,10,4,13,3,2,0,1,28,47,8,1
1,11,9,10,4,13,3,2,0,1,28,48,8,1
2,11,9,10,4,13,3,2,0,1,28,48,8,1
2,11,9,10,4,13,2,2,0,1,28,48,8,1
1,11,9,10,4,13,2,2,0,1,28,48,8,1
1,11,9,10,5,13,2,2,0,1,28,48,8,1
1,11,9,10,5,14,2,2,0,1,28,48,8,1
1,11,9,10,6,14,2,2,0,1,28,48,8,1
1,10,9,10,6,14,2,2,0,1,28,48,8,1
1,10,9,10,6,14,2,3,0,1,28,48,8,1
1,10,9,10,6,14,2,3,0,1,28,47,8,1
1,10,9,9,6,14,2,3,0,1,28,47,8,1
1,11,9,9,6,14,2,3,0,1,28,47,8,1
1,11,9,9,6,14,2,3,0,1,28,47,7,1
1,11,9,9,6,14,2,3,0,2,28,47,7,1
1,10,9,9,6,14,2,3,0,2,28,47,7,1
1,10,9,9,6,15,2,3,0,2,28,47,7,1
2,10,9,9,6,15,2,3,0,2,28,47,7,1
2,10,9,9,5,15,2,3,0,2,28,47,7,1
2,10,9,9,5,15,2,4,0,2,28,47,7,1
2,10,9,9,4,15,2,4,0,2,28,47,7,1
2,10,9,10,4,15,2,4,0,2,28,47,7,1
2,10,9,10,4,15,2,4,0,2,28,47,6,1
2,10,9,10,4,15,2,3,0,2,28,47,6,1
2,10,9,11,4,15,2,3,0,2,28,47,6,1
2,10,9,11,4,15,2,2,0,2,28,47,6,1
2,10,9,11,3,15,2,2,0,2,28,47,6,1
2,10,9,11,3,15,2,1,0,2,28,47,6,1
2,10,9,11,3,16,2,1,0,2,28,47,6,1
1,10,9,11,3,16,2,1,0,2,28,47,6,1
1,10,9,11,3,16,3,1,0,2,28,47,6,1
1,10,9,12,3,16,3,1,0,2,28,47,6,1
1,10,9,12,2,16,3,1,0,2,28,47,6,1
1,10,9,11,2,16,3,1,0,2,28,47,6,1
1,10,9,11,2,17,3,1,0,2,28,47,6,1
1,10,9,11,2,17,3,2,0,2,28,47,6,1
1,10,8,11,2,17,3,2,0,2,28,47,6,1
1,10,8,12,2,17,3,2,0,2,28,47,6,1
1,10,8,12,2,17,3,3,0,2,28,47,6,1
1,10,8,12,2,17,3,3,0,3,28,47,6,1
1,10,8,12,2,17,3,3,0,3,28,47,7,1
1,10,8,11,2,17,3,3,0,3,28,47,7,1
1,10,9,11,2,17,3,3,0,3,28,47,7,1
1,10,9,10,2,17,3,3,0,3,28,47,7,1
1,10,9,10,3,17,3,3,0,3,28,47,7,1
1,10,9,10,3,17,3,4,0,3,28,47,7,1
1,10,9,10,3,17,3,4,0,3,28,47,8,1
1,10,9,10,3,17,3,4,0,3,29,47,8,1
1,10,8,10,3,17,3,4,0,3,29,47,8,1
1,10,8,10,3,17,3,3,0,3,29,47,8,1
1,10,8,10,3,17,3,3,0,3,29,46,8,1
1,10,8,10,4,17,3,3,0,3,29,46,8,1
1,10,8,10,4,17,3,3,0,2,29,46,8,1
1,10,8,10,3,17,3,3,0,2,29,46,8,1
1,10,8,9,3,17,3,3,0,2,29,46,8,1
1,10,8,9,3,17,3,3,0,2,30,46,8,1
1,10,7,9,3,17,3,3,0,2,30,46,8,1
1,10,6,9,3,17,3,3,0,2,30,46,8,1
1,10,6,9,3,17,3,3,0,2,29,46,8,1
1,10,6,9,2,17,3,3,0,2,29,46,8,1
1,10,6,9,2,17,3,3,0,2,29,46,9,1
1,10,6,8,2,17,3,3,0,2,29,46,9,1
1,10,6,8,2,16,3,3,0,2,29,46,9,1
1,9,6,8,2,16,3,3,0,2,29,46,9,1
1,9,6,8,2,15,3,3,0,2,29,46,9,1
1,9,6,8,2,15,2,3,0,2,29,46,9,1
1,9,6,8,2,15,2,2,0,2,29,46,9,1
1,9,6,8,2,15,2,2,0,2,28,46,9,1
2,9,6,8,2,15,2,2,0,2,28,46,9,1
2,9,6,8,3,15,2,2,0,2,28,46,9,1
2,9,5,8,3,15,2,2,0,2,28,46,9,1
1,9,5,8,3,15,2,2,0,2,28,46,9,1
1,9,5,8,3,15,2,2,0,2,29,46,9,1
1,9,5,8,3,15,2,2,0,1,29,46,9,1
1,9,5,9,3,15,2,2,0,1,29,46,9,1
1,9,5,9,4,15,2,2,0,1,29,46,9,1
1,9,5,9,3,15,2,2,0,1,29,46,10,1
1,9,5,9,3,15,2,2,0,1,28,46,10,1
1,9,5,9,3,15,2,2,0,1,28,46,11,1
1,9,5,8,3,15,2,2,0,1,28,46,11,1
1,9,5,8,3,15,1,2,0,1,28,46,11,1
1,9,5,8,3,15,1,2,0,1,28,46,10,1
1,9,5,8,3,15,1,2,0,1,27,46,10,1
1,9,5,7,3,15,1,2,0,1,27,46,10,1
1,8,5,7,3,15,1,2,0,1,27,46,10,1
1,9,5,7,4,15,1,2,0,1,27,46,10,1
1,9,5,7,4,14,1,2,0,1,27,46,10,1
1,9,5,7,3,15,1,2,0,2,27,46,10,1
1,9,5,7,3,15,1,2,0,2,27,46,11,1
1,9,5,7,3,15,2,2,0,2,27,46,11,1
1,9,5,7,3,15,1,2,0,2,28,46,11,1
1,9,5,7,3,15,1,2,0,1,28,46,11,1
1,9,5,7,3,15,1,3,0,1,28,46,11,1
2,9,5,7,3,15,1,3,0,1,28,46,11,1
2,9,5,7,3,15,1,3,0,2,28,46,11,1
2,9,6,7,3,15,1,3,0,2,28,46,11,1
2,9,6,7,2,15,1,3,0,2,28,46,11,1
2,9,6,7,2,15,1,3,0,2,28,45,11,1
2,8,6,7,2,15,1,3,0,2,28,45,11,1
2,8,6,7,2,16,1,3,0,2,28,45,11,1
2,8,6,7,3,16,1,3,0,2,28,45,11,1
2,8,6,7,3,16,1,3,0,2,28,45,12,1
2,8,6,7,3,16,2,3,0,2,28,45,12,1
2,8,6,7,4,16,2,3,0,2,28,45,12,1
2,8,6,7,4,17,2,3,0,2,28,45,12,1
3,8,6,7,4,17,2,3,0,2,28,45,12,1
3,8,6,7,4,17,2,3,0,2,28,45,13,1
3,8,6,8,4,17,2,3,0,2,28,45,13,1
3,8,6,8,4,18,2,3,0,2,28,45,13,1
3,8,6,8,4,18,2,4,0,2,28,45,13,1
3,8,6,8,4,17,2,4,0,2,28,45,13,1
3,8,6,8,4,18,2,4,0,2,28,45,14,1
3,8,6,8,3,18,2,4,0,2,28,45,14,1
3,8,6,7,3,18,2,4,0,2,28,45,14,1
3,8,6,7,3,18,2,3,0,2,28,45,14,1
3,8,6,7,3,18,2,3,0,2,28,45,15,1
3,8,6,7,3,18,2,3,0,2,28,45,16,1
3,8,6,8,3,18,2,3,0,2,28,45,16,1
3,8,6,8,3,18,2,3,0,2,27,45,16,1
3,8,6,8,4,18,2,3,0,2,28,45,16,1
3,7,6,8,4,18,2,3,0,2,28,45,16,1
3,7,6,8,4,18,3,3,0,2,28,45,16,1
3,7,6,8,4,18,4,3,0,2,28,45,16,1
3,7,6,8,3,18,4,3,0,2,28,45,16,1
3,7,6,8,3,18,4,2,0,2,28,45,16,1
3,7,6,8,2,18,4,3,0,2,28,45,16,1
3,7,6,8,2,18,4,4,0,2,28,45,16,1
3,7,6,8,2,18,4,4,0,2,28,45,15,1
3,7,6,8,1,18,4,4,0,2,28,45,15,1
3,7,6,8,1,18,5,4,0,2,28,45,15,1
3,7,5,8,1,18,5,4,0,2,28,45,15,1
3,7,5,8,1,18,5,4,0,2,29,45,15,1
3,7,4,8,1,18,5,4,0,2,29,45,15,1
3,7,4,8,1,18,5,4,0,2,29,44,15,1
4,7,4,8,1,18,5,4,0,2,29,44,15,1
4,7,4,8,2,18,5,4,0,2,29,44,15,1
4,7,4,8,2,18,4,4,0,2,29,44,15,1
4,7,5,8,2,18,4,4,0,2,29,44,15,1
4,7,4,8,2,19,4,4,0,2,29,44,15,1
4,7,4,8,2,19,4,3,0,2,29,44,15,1
4,7,4,8,1,19,4,3,0,2,29,44,15,1
4,7,4,8,1,19,4,4,0,2,29,44,15,1
4,7,4,7,1,19,4,3,0,2,29,44,15,1
4,7,4,7,1,19,4,3,0,2,29,44,16,1
4,7,4,7,1,19,4,3,0,2,30,44,16,1
4,7,4,7,1,19,4,4,0,2,30,44,16,1
4,7,4,7,1,20,4,4,0,2,30,44,16,1
4,7,4,8,1,20,4,4,0,2,30,44,16,1
4,7,3,8,1,20,4,4,0,2,30,44,16,1
4,7,3,9,1,20,4,4,0,2,30,44,16,1
4,7,3,9,1,21,4,4,0,2,30,44,16,1
4,7,4,9,1,21,4,4,0,2,30,44,16,1
4,7,4,9,1,21,3,4,0,2,30,44,16,1
4,7,4,9,1,21,3,3,0,2,30,44,16,1
4,7,5,9,1,21,3,4,0,2,30,44,16,1
4,7,5,9,1,21,3,4,0,2,30,45,16,1
4,7,4,9,1,21,3,4,0,2,30,45,16,1
4,7,4,9,1,21,4,4,0,2,30,45,16,1
4,7,4,9,2,21,4,4,0,2,30,45,16,1
4,7,4,9,2,21,4,4,0,1,30,45,16,1
4,7,4,9,2,21,5,4,0,1,30,45,16,1
4,7,4,9,2,21,5,4,0,1,30,45,15,1
4,7,4,9,2,21,5,3,0,1,30,45,15,1
4,7,4,9,2,21,5,3,0,2,30,45,15,1
4,8,4,9,2,21,5,3,0,2,30,45,15,1
4,8,4,9,2,21,5,3,0,2,30,45,16,1
4,8,4,9,3,21,5,3,0,2,30,45,16,1
4,8,4,9,3,21,5,3,0,2,29,45,16,1
4,8,4,9,3,21,5,3,0,2,30,44,16,1
4,7,4,9,3,21,5,3,0,2,30,44,16,1
4,7,4,9,3,21,5,2,0,2,30,44,16,1
4,7,4,9,3,21,5,1,0,2,30,44,16,1
4,7,4,10,3,21,5,1,0,2,30,44,16,1
4,7,4,10,3,21,5,1,0,2,29,44,16,1
4,7,4,10,3,21,5,1,0,1,29,44,16,1
4,7,5,10,3,21,5,1,0,1,29,44,16,1
4,8,5,10,3,21,5,1,0,1,29,44,16,1
4,8,5,10,3,21,5,1,0,2,29,44,16,1
4,8,5,10,3,21,5,1,0,2,30,44,16,1
4,9,5,10,3,21,5,1,0,2,30,44,16,1
4,9,5,11,3,21,5,1,0,2,30,44,16,1
4,9,5,11,3,21,5,2,0,2,30,44,16,1
4,9,5,12,3,21,5,2,0,2,30,44,16,1
4,9,5,12,3,21,5,2,0,3,30,44,16,1
4,9,5,12,3,21,5,2,0,3,29,44,16,1
4,9,5,12,3,22,5,2,0,3,29,44,16,1
4,9,5,12,3,23,5,2,0,3,29,44,16,1
4,9,5,12,3,23,5,3,0,3,29,44,16,1
4,9,5,12,3,24,5,2,0,3,29,44,16,1
4,9,5,12,3,24,5,2,0,3,30,44,16,1
4,9,5,12,3,24,5,3,0,3,30,44,16,1
4,9,5,12,3,24,5,4,0,3,30,44,16,1
4,9,5,12,3,24,5,4,0,2,30,44,16,1
4,9,5,12,3,24,5,4,0,2,30,44,15,1
4,9,5,11,3,24,5,4,0,2,30,44,15,1
4,9,5,11,3,24,5,3,0,2,30,44,15,1
4,9,5,12,3,24,5,3,0,2,30,44,15,1
5,9,5,12,3,24,5,3,0,2,30,44,15,1
5,9,5,12,3,24,5,2,0,2,30,44,15,1
5,9,5,12,4,24,5,2,0,2,30,44,15,1
5,9,5,12,4,24,5,2,0,2,30,44,14,1
5,9,5,12,4,24,5,2,0,2,31,44,14,1
5,9,6,12,4,24,5,2,0,2,31,44,14,1
5,9,6,11,4,24,5,2,0,2,31,44,14,1
5,8,6,11,4,24,5,2,0,2,31,44,14,1
5,8,6,11,4,24,4,2,0,2,31,44,14,1
5,8,6,11,4,24,5,2,0,2,31,44,15,1
5,8,6,11,4,24,5,3,0,2,31,44,15,1
5,8,6,11,4,24,5,3,0,3,31,44,15,1
5,8,6,11,4,24,5,4,0,3,31,44,15,1
5,8,6,11,4,25,5,4,0,3,31,44,15,1
5,8,6,11,4,25,5,3,0,3,31,44,15,1
4,8,6,11,4,25,5,3,0,3,31,44,15,1
4,8,6,12,4,25,5,3,0,3,31,44,15,1
4,8,5,12,4,25,5,3,0,3,31,44,15,1
4,8,5,12,4,25,5,4,0,3,31,44,15,1
5,8,5,12,4,25,5,4,0,3,31,44,15,1
5,8,5,12,4,25,5,3,0,3,31,44,15,1
5,8,5,12,4,25,5,3,0,3,31,44,14,1
5,8,5,12,4,25,5,3,0,2,31,44,14,1
5,8,5,12,3,25,5,3,0,2,31,44,14,1
5,9,5,12,3,25,5,3,0,2,31,44,14,1
5,9,4,12,3,25,5,3,0,2,31,44,14,1
5,9,4,12,3,25,5,2,0,2,31,44,14,1
5,9,4,12,2,25,5,2,0,2,31,44,14,1
5,9,4,12,2,25,5,2,0,2,32,44,14,1
5,9,4,13,2,25,5,2,0,2,32,44,14,1
5,9,4,13,2,25,5,1,0,2,32,44,14,1
5,9,4,13,2,26,5,1,0,2,32,44,14,1
5,9,4,13,2,26,5,2,0,2,32,44,14,1
5,9,4,13,2,26,5,1,0,2,32,44,15,1
5,9,4,13,2,26,5,2,0,2,32,44,15,1
5,9,4,13,2,26,4,2,0,2,32,44,15,1
5,9,4,13,2,26,4,2,0,3,32,44,15,1
5,9,4,13,2,26,4,2,0,3,32,44,14,1
5,9,4,13,2,26,4,1,0,3,32,44,14,1
6,8,6,13,4,27,4,1,0,1,33,44,12,1
6,8,7,13,4,27,4,1,0,1,33,44,12,1
6,8,7,13,4,27,4,1,0,1,33,44,13,1
6,8,7,12,4,27,4,1,0,1,33,44,13,1
6,8,7,12,4,27,4,1,0,1,33,44,12,1
6,7,7,13,4,27,4,1,0,1,33,44,12,1
6,7,7,12,4,27,4,1,0,1,33,44,12,1
6,6,7,12,4,27,4,1,0,1,33,44,12,1
6,6,7,12,4,26,4,1,0,1,33,44,12,1
6,6,7,12,5,26,4,1,0,1,33,44,12,1
6,6,7,12,5,26,5,1,0,1,33,44,12,1
6,6,7,12,5,26,4,1,0,1,33,44,11,1
6,7,7,12,5,26,4,1,0,1,33,44,11,1
6,7,7,13,5,26,4,1,0,1,33,44,11,1
6,7,7,12,5,26,4,1,0,1,33,44,12,1
6,7,7,12,5,26,4,1,0,2,33,44,12,1
6,7,7,12,5,26,4,1,0,2,33,45,12,1
6,7,7,12,5,26,4,1,0,2,33,45,11,1
6,7,7,12,5,26,4,2,0,2,33,45,11,1
6,7,7,12,5,26,4,2,0,2,33,44,11,1
6,7,7,12,5,26,4,2,0,2,33,44,12,1
6,7,7,12,6,26,4,1,0,2,33,44,12,1
6,7,7,12,6,26,4,1,0,2,33,45,12,1
5,7,7,12,6,26,4,1,0,2,33,45,12,1
5,7,7,12,6,26,4,1,0,2,33,46,12,1
5,7,7,13,6,26,4,1,0,2,33,46,12,1
5,7,6,13,6,26,4,1,0,2,33,46,12,1
5,7,6,12,6,26,4,1,0,2,33,46,12,1
5,7,6,12,6,26,5,1,0,2,33,46,12,1
5,7,6,12,6,26,5,1,0,2,33,46,13,1
5,7,6,12,6,25,5,1,0,2,33,46,13,1
5,6,6,12,6,25,5,1,0,2,33,46,13,1
5,6,6,12,6,25,5,1,0,2,34,46,13,1
6,6,6,12,6,25,5,1,0,2,34,46,13,1
6,6,6,12,6,25,5,1,0,1,34,46,13,1
6,6,6,12,6,25,5,1,0,1,34,47,13,1
6,6,6,12,6,25,5,2,0,1,34,47,13,1
6,6,6,12,6,25,5,3,0,1,34,47,13,1
6,6,6,12,6,25,5,3,0,1,33,47,13,1
6,5,6,12,6,25,5,3,0,1,33,47,13,1
6,5,5,12,6,25,5,3,0,1,33,47,13,1
6,5,5,12,6,25,4,3,0,1,33,47,13,1
6,5,6,12,6,25,4,3,0,1,33,47,13,1
6,5,6,12,6,25,4,3,0,0,33,47,13,1
6,5,6,13,6,25,4,3,0,0,33,47,13,1
6,5,6,13,6,25,4,3,0,0,33,47,14,1
6,5,6,13,6,25,4,4,0,0,33,47,14,1
6,5,6,13,6,25,4,3,0,0,33,48,14,1
6,5,6,12,6,25,4,3,0,0,33,48,14,1
6,5,6,12,6,25,5,3,0,0,33,48,14,1
6,5,6,12,6,24,5,3,0,0,33,48,14,1
6,5,6,12,5,24,5,3,0,0,33,48,14,1
6,5,6,12,5,25,5,3,0,0,33,48,14,1
6,5,6,12,5,25,5,4,0,0,33,48,14,1
7,5,6,12,5,25,5,4,0,0,33,48,14,1
7,5,6,12,5,25,5,4,0,0,33,48,15,1
8,5,6,12,5,25,5,4,0,0,33,48,15,1
8,5,6,12,5,25,5,3,0,0,33,48,15,1
8,5,6,12,5,25,5,3,0,0,34,48,15,1
8,5,6,12,6,25,5,3,0,0,34,48,15,1
8,5,6,12,6,24,5,3,0,0,34,48,15,1
8,5,6,11,6,24,5,3,0,0,34,48,15,1
8,5,5,11,6,24,5,3,0,0,34,48,15,1
8,5,5,11,6,23,5,3,0,0,34,48,15,1
8,5,5,11,5,23,5,3,0,0,34,48,15,1
8,5,5,11,5,23,5,4,0,0,34,48,15,1
8,5,5,12,5,23,5,4,0,0,34,48,15,1
7,5,5,12,5,23,5,4,0,0,34,48,15,1
8,6,5,12,5,23,5,4,0,0,34,48,15,1
8,6,5,12,5,23,5,4,0,0,34,48,16,1
7,6,5,12,5,23,5,4,0,0,34,48,15,1
7,6,5,12,5,23,5,4,0,0,33,48,15,1
7,5,5,12,5,23,5,4,0,0,33,48,15,1
7,5,5,12,5,23,5,3,0,0,33,48,15,1
7,5,5,12,5,23,5,3,0,0,33,48,16,1
7,5,5,12,5,23,5,3,0,0,32,48,16,1
7,5,5,12,5,24,5,3,0,0,32,48,16,1
7,5,5,12,5,24,5,3,0,0,32,48,15,1
7,5,5,12,4,24,5,3,0,0,32,48,15,1
7,5,5,12,4,24,5,3,0,0,32,48,16,1
7,5,5,12,4,24,5,2,0,0,32,48,16,1
7,5,5,12,4,24,5,4,0,0,32,48,15,1
7,5,5,12,4,25,5,3,0,0,32,48,15,1
7,5,5,12,5,25,5,3,0,0,32,48,15,1
7,5,5,11,5,25,5,3,0,0,32,48,15,1
7,5,5,11,5,25,5,3,0,0,32,48,16,1
7,5,5,11,5,24,5,3,0,0,32,48,16,1
7,5,5,11,4,24,5,3,0,0,32,48,16,1
8,5,5,11,4,24,5,3,0,0,32,48,16,1
9,5,5,11,4,24,5,3,0,0,32,48,16,1
9,5,5,11,4,25,5,3,0,0,32,48,16,1
9,5,5,11,4,24,5,4,0,0,32,48,16,1
9,5,5,12,4,24,5,4,0,0,32,48,16,1
9,5,5,12,4,24,5,3,0,0,32,48,16,1
9,5,6,12,4,24,5,3,0,0,32,48,16,1
9,5,6,12,4,24,5,2,0,0,32,48,16,1
9,5,6,12,4,24,5,2,0,0,32,49,16,1
9,5,5,12,4,24,5,2,0,0,32,49,16,1
9,5,5,13,4,24,5,2,0,0,32,49,16,1
9,5,5,13,5,24,5,2,0,0,32,49,16,1
9,5,5,13,5,24,5,2,0,0,31,49,16,1
9,5,5,13,5,24,5,2,0,0,31,48,16,1
9,5,5,12,5,24,5,2,0,0,31,48,16,1
9,5,5,11,5,24,5,2,0,0,31,48,16,1
8,5,5,11,5,24,5,2,0,0,31,48,16,1
8,5,5,11,5,24,5,2,0,0,31,47,16,1
9,5,5,11,5,24,5,2,0,0,31,47,16,1
9,5,5,11,5,24,5,2,0,0,31,47,17,1
9,5,5,12,5,24,5,2,0,0,31,47,17,1
9,5,5,12,5,24,5,2,0,0,30,47,17,1
8,5,5,12,5,24,5,2,0,0,30,47,17,1
8,5,5,12,5,24,5,2,0,0,30,47,18,1
8,5,5,12,5,24,5,2,0,0,30,47,19,1
8,5,5,13,5,24,5,2,0,0,30,47,19,1
8,5,5,13,5,24,5,1,0,0,30,47,19,1
8,5,5,14,5,24,5,1,0,0,30,47,19,1
8,5,5,14,6,24,5,1,0,0,30,47,19,1
8,5,5,14,6,23,5,1,0,0,30,47,19,1
8,5,5,13,6,23,5,1,0,0,30,47,19,1
8,5,5,13,6,24,5,1,0,0,30,47,19,1
8,5,4,13,6,24,5,1,0,0,30,47,19,1
8,5,4,13,6,24,5,2,0,0,30,47,19,1
8,5,4,13,6,24,5,2,0,0,30,46,19,1
8,5,4,13,6,24,5,3,0,0,30,46,19,1
8,5,4,12,6,24,5,2,0,0,30,46,19,1
8,4,4,12,6,24,5,2,0,0,30,46,19,1
8,4,4,12,6,24,5,2,0,0,29,46,19,1
8,4,4,12,6,24,5,3,0,0,29,46,19,1
8,4,4,12,6,24,5,3,0,0,28,46,19,1
8,4,4,12,6,24,5,4,0,0,28,46,19,1
8,4,4,12,6,24,5,4,0,0,28,46,20,1
8,4,3,12,6,24,5,4,0,0,28,46,20,1
8,4,3,12,6,23,5,4,0,0,28,46,20,1
8,5,3,12,6,23,5,4,0,0,28,46,20,1
8,5,3,12,6,23,5,4,0,0,27,46,20,1
9,5,3,12,6,23,5,4,0,0,27,46,20,1
9,5,4,12,6,23,5,4,0,0,27,46,20,1
9,5,4,11,6,23,5,4,0,0,27,46,20,1
8,5,4,11,6,23,5,4,0,0,27,46,20,1
8,5,5,11,6,23,5,4,0,0,27,46,20,1
8,5,5,11,6,23,5,4,0,0,26,46,20,1
8,5,5,11,6,23,5,4,0,0,26,46,21,1
9,5,5,11,6,23,5,4,0,0,26,46,21,1
9,5,5,10,6,23,5,4,0,0,26,46,21,1
9,5,5,10,6,22,5,4,0,0,26,46,21,1
9,5,5,10,5,22,5,4,0,0,26,46,21,1
9,5,5,10,5,22,5,3,0,0,26,46,21,1
9,5,5,10,4,22,5,3,0,0,26,46,21,1
9,5,5,10,4,22,4,3,0,0,26,46,21,1
9,5,5,10,4,22,4,3,0,0,26,47,21,1
9,5,5,10,4,22,4,2,0,0,26,47,21,1
9,5,5,10,5,22,4,2,0,0,26,47,21,1
9,5,5,10,5,22,4,2,0,0,26,46,21,1
9,5,5,11,5,22,4,2,0,0,26,46,21,1
9,5,5,12,5,22,4,2,0,0,26,46,21,1
9,5,5,12,5,22,4,3,0,0,26,46,21,1
9,4,5,12,5,22,4,3,0,0,26,46,21,1
9,4,5,12,5,23,4,3,0,0,26,46,21,1
9,4,5,12,5,23,4,2,0,0,26,46,21,1
9,4,5,12,5,24,4,2,0,0,26,46,21,1
9,4,5,13,5,24,4,2,0,0,26,46,21,1
9,4,5,13,5,24,4,3,0,0,26,46,21,1
9,4,5,13,5,24,4,3,0,0,26,46,22,1
9,4,5,13,6,24,4,3,0,0,26,46,22,1
9,4,5,12,6,24,4,3,0,0,26,46,22,1
9,4,5,12,5,24,4,3,0,0,26,46,22,1
9,4,4,12,5,24,4,3,0,0,26,46,22,1
9,4,4,12,5,24,4,3,0,0,26,46,23,1
9,4,4,12,6,24,4,3,0,0,26,46,23,1
9,4,4,12,6,24,4,4,0,0,26,46,23,1
9,4,4,12,6,24,4,4,0,0,26,46,22,1
9,4,4,12,6,24,5,4,0,0,26,46,22,1
9,4,4,12,6,24,5,4,0,0,26,46,21,1
9,4,4,12,6,24,5,4,0,1,26,46,21,1
9,4,4,12,6,24,5,4,0,1,26,46,22,1
9,3,4,12,6,24,5,4,0,1,26,46,22,1
9,3,4,12,6,24,5,3,0,1,26,46,22,1
9,3,4,12,6,24,5,3,0,1,27,46,22,1
9,3,4,13,6,24,5,3,0,1,27,46,22,1
9,3,5,13,6,24,5,3,0,1,27,46,22,1
9,3,5,13,6,23,5,3,0,1,27,46,22,1
9,3,5,13,6,22,5,3,0,1,27,46,22,1
9,3,6,13,6,22,5,3,0,1,27,46,22,1
9,3,6,13,6,22,5,4,0,1,27,46,22,1
9,3,6,13,6,22,5,4,0,1,28,46,22,1
9,4,6,13,6,22,5,4,0,1,28,46,22,1
9,4,6,13,5,22,5,4,0,1,28,46,22,1
9,4,6,13,5,23,5,4,0,1,28,46,22,1
9,4,6,13,5,22,5,4,0,1,27,46,22,1
9,4,6,14,5,22,5,4,0,1,27,46,22,1
9,4,6,14,5,22,5,4,0,1,27,47,22,1
9,3,6,14,5,22,5,4,0,1,27,47,22,1
9,3,6,14,5,22,5,4,0,1,27,47,21,1
9,4,6,14,5,22,5,4,0,1,27,47,21,1
9,4,6,14,4,22,5,4,0,1,27,47,21,1
8,4,6,14,4,22,5,4,0,1,27,47,21,1
8,4,6,14,4,22,5,3,0,1,27,47,21,1
8,4,6,15,4,22,5,3,0,1,27,47,21,1
8,4,6,15,4,22,5,4,0,1,27,47,21,1
8,4,6,15,3,22,5,4,0,1,27,47,21,1
8,4,5,15,3,22,5,4,0,1,27,47,21,1
8,4,5,14,3,22,5,4,0,1,27,47,21,1
8,4,5,14,3,22,5,4,0,1,28,47,21,1
7,4,5,14,3,22,5,4,0,1,28,47,21,1
7,4,5,14,2,22,5,4,0,1,28,47,21,1
7,4,5,14,2,22,5,4,0,1,28,47,22,1
7,4,5,14,2,22,5,4,0,0,28,47,22,1
7,4,5,14,2,22,5,4,0,0,28,46,22,1
7,4,5,14,2,22,5,4,0,1,28,46,22,1
6,4,5,14,2,22,5,4,0,1,28,46,22,1
6,4,5,14,2,22,5,4,0,2,28,46,22,1
6,4,5,14,1,22,5,4,0,1,28,46,22,1
6,4,5,14,1,21,5,4,0,1,28,46,22,1
6,4,5,14,1,21,5,4,0,1,27,46,22,1
6,5,5,14,1,21,5,4,0,1,27,46,22,1
5,5,5,14,1,21,5,4,0,1,27,46,22,1
5,5,5,14,1,21,5,4,0,1,26,46,22,1
5,5,5,13,1,21,5,4,0,1,26,46,22,1
5,5,6,13,1,21,5,4,0,1,26,46,22,1
5,5,6,13,1,21,5,4,0,1,26,46,23,1
4,5,6,13,1,21,5,4,0,1,26,46,23,1
4,6,6,13,1,21,5,4,0,1,26,46,23,1
3,6,6,13,1,21,5,4,0,1,26,46,23,1
3,6,5,13,1,21,5,4,0,1,26,46,23,1
3,6,5,13,1,21,5,4,0,1,27,46,23,1
3,6,6,13,1,21,5,4,0,1,27,46,23,1
3,6,6,13,1,21,5,4,0,0,27,46,23,1
2,6,6,13,1,21,5,4,0,0,27,46,23,1
2,6,6,13,1,21,5,3,0,0,27,46,23,1
2,6,6,13,1,22,5,3,0,0,27,46,23,1
2,6,6,12,1,22,5,3,0,0,27,46,23,1
2,6,6,14,1,22,5,3,0,0,27,46,23,1
2,6,6,14,1,23,5,3,0,0,27,46,23,1
2,6,5,14,1,23,5,3,0,0,27,46,23,1
2,6,6,14,1,23,5,3,0,0,28,46,23,1
2,5,6,14,1,23,5,3,0,0,28,46,23,1
2,5,6,14,1,23,5,3,0,0,29,46,23,1
2,5,7,14,1,23,5,3,0,0,29,46,23,1
2,5,7,15,1,23,5,3,0,0,29,46,23,1
3,5,7,14,1,23,5,3,0,0,29,46,23,1
3,5,6,14,1,23,5,3,0,0,29,46,23,1
3,0,9,7,0,6,2,1,0,0,0,46,0,1
3,1,9,7,0,6,2,1,0,0,0,46,0,1
3,1,9,7,0,6,2,2,0,0,0,46,0,1
3,1,9,8,0,6,2,1,0,0,0,46,0,1
3,1,9,8,0,6,2,1,0,1,0,46,0,1
3,1,9,8,0,6,2,2,0,0,0,46,0,1
3,2,9,8,0,6,2,2,0,0,0,46,0,1
2,2,9,8,0,6,2,2,0,0,0,46,0,1
2,2,9,8,0,6,2,1,0,0,0,46,0,1
2,2,9,8,0,5,2,2,0,0,0,46,0,1
2,2,9,8,0,5,2,1,0,0,0,46,0,1
2,2,9,8,0,4,2,1,0,0,0,46,0,1
2,2,9,8,0,4,2,1,0,0,0,46,1,1
2,2,9,8,0,5,2,1,0,0,0,46,1,1
3,2,9,8,0,5,2,1,0,0,0,46,1,1
3,2,8,8,0,5,2,1,0,0,0,46,1,1
2,2,8,8,0,5,2,1,0,0,0,46,1,1
3,1,9,8,0,6,2,0,0,1,0,46,1,-1
3,1,9,8,0,6,2,0,0,1,0,46,2,-1
3,1,10,8,0,6,2,0,0,1,0,46,2,-1
3,1,10,8,0,6,2,0,0,1,0,46,1,-1
3,1,10,7,0,6,2,0,0,1,0,46,1,-1
3,1,10,7,0,6,2,1,0,1,0,46,1,1
3,1,11,7,0,6,2,1,0,1,0,46,1,1
3,1,11,7,0,6,2,2,0,1,0,46,1,1
3,1,11,7,0,6,2,3,0,1,0,46,1,1
3,1,11,7,0,6,2,4,0,1,0,46,1,1
3,2,11,7,0,6,2,4,0,1,0,46,1,1
3,2,11,7,0,7,2,4,0,1,0,46,1,1
2,2,11,7,0,7,2,4,0,1,0,46,1,1
1,2,11,6,0,7,2,4,0,1,1,46,1,1
1,2,11,6,0,7,2,4,0,1,2,46,1,1
1,2,11,6,0,7,2,3,0,1,2,46,1,1
1,2,11,6,0,7,2,3,0,0,2,46,1,1
1,2,11,6,0,7,1,3,0,0,2,46,1,1
1,2,11,6,0,7,1,3,0,0,1,46,1,1
1,2,11,6,0,7,1,2,0,0,1,46,1,1
1,2,11,6,0,7,1,2,0,0,2,46,1,1
1,2,11,6,0,7,1,1,0,0,2,46,1,1
1,2,10,6,0,7,1,1,0,0,2,46,1,1
1,2,10,6,0,7,1,1,0,0,1,46,1,1
1,2,10,6,0,7,1,1,0,0,1,46,0,1
1,2,10,6,0,7,1,1,0,0,2,46,0,1
1,2,10,6,0,7,1,2,0,0,2,46,0,1
1,2,10,6,0,7,1,2,0,0,3,46,0,1
2,2,10,6,0,7,1,2,0,0,3,46,0,1
1,2,9,6,0,7,1,2,0,0,3,46,0,1
1,2,9,6,0,7,1,1,0,0,3,46,0,1
1,2,9,6,0,7,1,1,0,0,2,46,0,1
1,2,9,5,0,7,1,1,0,0,2,46,0,1
7,4,10,10,2,14,5,0,0,0,10,42,0,-1
7,4,11,10,2,14,5,0,0,0,10,42,0,-1
7,3,11,10,2,14,5,0,0,0,10,42,0,-1
8,3,11,10,2,14,5,0,0,0,10,42,0,-1
8,3,11,11,2,14,5,0,0,0,10,42,0,-1
8,3,12,11,2,14,5,0,0,0,10,42,0,-1
8,3,12,11,2,14,5,0,0,0,9,42,0,-1
8,3,12,11,2,13,5,0,0,0,10,42,0,-1
8,3,12,12,2,13,5,0,0,0,10,42,0,-1
8,3,12,12,2,13,5,0,0,0,11,42,0,-1
8,3,12,12,2,12,5,0,0,0,11,42,0,-1
7,3,12,12,2,12,5,0,0,0,11,42,0,-1
7,3,12,12,2,13,5,0,0,0,11,42,0,-1
7,3,12,12,2,14,5,0,0,0,11,42,0,-1
7,3,13,12,2,14,5,0,0,0,11,42,0,-1
6,3,13,12,2,14,5,0,0,0,11,42,0,-1
6,3,13,13,2,14,5,0,0,0,11,42,0,-1
7,3,13,13,2,14,5,0,0,0,11,42,0,-1
8,3,13,13,2,14,5,0,0,0,11,42,0,-1
8,3,13,13,2,14,5,0,0,0,11,43,0,-1
8,3,12,13,2,14,5,0,0,0,11,43,0,-1
7,3,12,13,2,14,5,0,0,0,11,43,0,-1
7,3,12,13,2,14,5,0,0,0,11,42,0,-1
7,3,12,14,2,14,5,0,0,0,11,42,0,-1
7,3,12,14,1,14,5,0,0,0,11,42,0,-1
8,3,12,14,2,14,5,0,0,0,11,42,0,-1
8,3,12,14,2,14,5,0,0,0,11,41,0,-1
8,3,12,15,2,14,5,0,0,0,11,41,0,-1
8,3,12,15,2,14,5,0,0,1,11,41,0,-1
8,3,12,15,2,14,5,0,0,1,11,42,0,-1
7,3,12,15,2,14,5,0,0,1,11,42,0,-1
5,1,12,15,2,14,5,0,0,0,13,42,1,-1
5,1,12,15,2,14,4,0,0,0,13,42,1,-1
5,1,12,15,2,14,4,0,0,0,13,42,2,-1
4,1,12,15,2,14,4,0,0,0,13,42,2,-1
4,1,12,15,1,14,4,0,0,0,13,42,2,-1
4,1,12,15,2,13,4,0,0,0,13,42,2,-1
4,1,12,14,2,13,4,0,0,0,13,42,2,-1
4,2,12,15,2,13,4,0,0,0,13,42,2,-1
4,2,12,15,2,13,4,0,0,0,14,42,2,-1
3,0,10,0,2,5,3,0,0,0,0,40,0,1
3,0,10,0,1,5,3,0,0,0,0,40,0,1
3,0,10,0,1,5,3,0,0,0,0,39,0,1
3,0,10,0,2,5,3,0,0,0,0,39,0,1
3,0,11,0,1,5,3,0,0,0,0,39,0,1
3,0,10,0,1,5,3,0,0,0,1,39,0,1
3,0,10,0,1,5,3,0,0,0,1,38,0,1
3,0,10,0,1,5,3,0,0,0,0,38,0,1
3,0,10,0,1,5,3,0,0,1,0,38,0,1
3,0,9,0,1,5,3,0,0,0,0,38,0,1
3,0,9,0,1,4,3,0,0,0,0,38,0,1
3,0,9,0,2,4,3,0,0,0,0,38,0,1
3,0,9,0,3,4,3,0,0,0,0,38,0,1
