4,0,8,10,2,5,3,0,0,0,0,35,0,1
6,0,8,1,0,3,2,4,0,0,0,40,0,1
4,5,13,0,0,5,2,0,0,0,0,50,0,0
3,0,9,3,2,8,1,0,0,0,0,40,0,0
4,4,10,1,0,12,2,4,0,0,0,99,0,1
7,3,3,13,4,4,3,0,0,0,0,6,0,1
3,3,16,3,1,8,5,0,0,0,0,40,0,1
4,0,9,1,0,3,2,4,0,0,0,40,0,1
6,0,19,3,0,3,2,0,0,0,0,40,0,1
4,3,10,3,0,8,2,4,0,0,0,80,0,1
4,0,8,11,2,5,3,0,0,0,0,35,0,1
4,0,8,11,3,5,3,0,0,0,0,35,0,1
4,0,8,11,2,5,3,0,0,1,0,35,0,1
5,0,8,11,2,5,3,0,0,1,0,35,0,1
5,0,8,11,2,5,3,0,0,1,0,35,1,1
5,0,8,11,2,5,3,0,0,1,0,36,1,1
5,1,8,11,2,5,3,0,0,1,0,36,1,1
5,1,8,11,2,5,3,0,0,1,0,36,0,1
4,1,8,11,2,5,3,0,0,1,0,36,0,1
4,1,8,10,2,5,3,0,0,1,0,36,0,1
4,1,8,10,2,5,4,0,0,1,0,36,0,1
4,1,8,10,2,6,4,0,0,1,0,36,0,-1
4,1,8,10,2,7,4,0,0,1,0,36,0,-1
4,1,7,10,2,7,4,0,0,1,0,36,0,-1
4,1,7,10,1,7,4,0,0,1,0,36,0,-1
4,1,7,10,1,8,4,0,0,1,0,36,0,-1
4,1,7,10,1,8,4,0,0,0,0,36,0,-1
4,1,7,10,1,8,4,0,0,0,1,36,0,-1
4,1,7,10,1,8,4,0,0,0,1,35,0,-1
4,1,7,10,1,8,4,0,0,0,1,34,0,-1
4,1,7,10,1,8,4,0,0,0,0,34,0,-1
4,1,7,9,1,8,4,0,0,0,0,34,0,-1
4,1,7,9,1,9,4,0,0,0,0,34,0,-1
4,1,7,9,1,10,4,0,0,0,0,34,0,-1
4,1,7,9,1,11,4,0,0,0,0,34,0,-1
4,1,7,9,2,10,4,0,0,0,0,34,0,-1
4,1,8,9,2,10,4,0,0,0,0,34,0,-1
3,1,8,9,2,10,4,0,0,0,0,34,0,-1
8,3,11,11,2,9,4,0,0,2,0,41,0,-1
8,3,11,11,2,9,4,0,0,2,1,41,0,-1
8,3,11,11,2,9,4,0,0,1,1,41,0,-1
7,3,11,11,2,9,4,0,0,1,1,41,0,-1
7,3,11,11,2,9,4,0,0,1,0,41,0,-1
7,3,11,11,2,9,4,0,0,1,0,41,1,-1
7,3,11,11,2,9,4,0,0,1,1,41,1,-1
7,3,11,11,2,9,4,0,0,0,1,41,1,-1
7,3,11,11,2,9,4,0,0,0,1,40,1,-1
7,3,11,11,2,9,4,0,0,0,1,40,0,-1
7,3,11,12,2,9,4,0,0,0,1,40,0,-1
7,3,11,12,2,8,4,0,0,0,1,40,0,-1
7,3,11,12,2,8,4,0,0,0,2,40,0,-1
7,3,11,12,2,7,4,0,0,0,2,40,0,-1
7,3,11,12,2,7,5,0,0,0,2,40,0,-1
7,3,11,11,2,7,4,0,0,0,2,40,0,-1
7,3,11,11,2,6,4,0,0,0,2,40,0,-1
7,3,11,11,2,6,4,0,0,1,2,40,0,-1
7,3,11,12,2,6,4,0,0,1,2,40,0,-1
7,3,11,12,2,7,4,0,0,1,2,40,0,-1
7,3,11,12,2,7,4,0,0,1,2,40,1,-1
7,3,11,12,2,7,4,0,0,2,2,40,1,-1
7,3,11,12,2,7,4,0,0,1,2,41,1,-1
7,3,11,11,2,7,4,0,0,1,2,41,1,-1
7,2,11,11,2,7,4,0,0,1,2,41,1,-1
7,2,11,11,2,7,4,0,0,1,3,41,1,-1
7,3,11,11,2,7,4,0,0,1,3,41,1,-1
7,3,10,11,2,7,4,0,0,1,3,41,1,-1
7,3,10,11,2,7,4,0,0,0,3,41,1,-1
7,3,10,11,2,7,4,0,0,0,3,40,1,-1
7,3,10,11,2,7,5,0,0,0,3,40,1,-1
7,3,10,10,2,7,5,0,0,0,3,40,1,-1
7,3,9,10,2,7,5,0,0,0,3,40,1,-1
7,3,9,10,2,7,5,0,0,0,3,40,0,-1
8,3,9,10,2,7,5,0,0,0,3,40,0,-1
8,3,9,10,2,7,5,0,0,0,3,39,0,-1
9,3,9,10,2,7,5,0,0,0,3,39,0,-1
8,3,9,10,2,7,5,0,0,1,3,39,0,-1
7,3,9,10,2,7,5,0,0,1,3,39,0,-1
7,3,9,10,2,8,5,0,0,1,3,39,0,-1
7,3,8,10,2,8,5,0,0,1,3,39,0,-1
7,3,8,10,2,8,5,0,0,1,3,39,1,-1
8,3,8,10,2,8,5,0,0,1,3,39,1,-1
8,3,8,10,1,8,5,0,0,1,3,39,1,-1
8,3,8,10,1,8,5,0,0,1,3,39,2,-1
8,3,8,11,1,8,5,0,0,1,3,39,2,-1
8,3,8,11,1,8,5,0,0,1,3,38,2,-1
8,3,7,11,1,8,5,0,0,1,3,38,2,-1
8,3,7,11,1,8,5,0,0,1,3,38,3,-1
8,3,7,11,1,8,5,0,0,1,3,39,3,-1
8,3,7,11,2,8,5,0,0,1,3,39,3,-1
8,3,7,11,2,8,5,0,0,1,2,39,3,-1
8,3,7,11,2,8,5,0,0,0,2,39,3,-1
8,3,7,11,2,8,5,0,0,0,1,39,3,-1
8,3,7,12,2,8,5,0,0,0,1,39,3,-1
8,3,7,12,2,8,5,0,0,0,1,39,2,-1
9,3,7,12,2,8,5,0,0,0,1,39,2,-1
9,2,7,12,2,8,5,0,0,0,1,39,2,-1
9,2,7,12,2,8,5,0,0,1,1,39,2,-1
9,2,7,13,2,8,5,0,0,1,1,39,2,-1
9,2,7,13,2,8,4,0,0,1,1,39,2,-1
9,2,7,13,2,8,4,0,0,1,0,39,2,-1
9,2,7,13,1,8,4,0,0,1,0,39,2,-1
9,2,7,13,1,8,5,0,0,1,0,39,2,-1
9,2,8,13,1,8,5,0,0,1,0,39,2,-1
9,2,8,12,1,8,5,0,0,1,0,39,2,-1
8,2,8,12,1,8,5,0,0,1,0,39,2,-1
8,2,8,12,2,8,5,0,0,1,0,39,2,-1
8,2,7,12,2,8,5,0,0,1,0,39,2,-1
7,2,7,12,2,8,5,0,0,1,0,39,2,-1
7,2,7,13,2,8,5,0,0,1,0,39,2,-1
7,2,7,13,2,8,5,0,0,1,0,39,3,-1
7,2,7,13,1,8,5,0,0,1,0,39,3,-1
7,2,6,13,1,8,5,0,0,1,0,39,3,-1
7,2,6,13,1,9,5,0,0,1,0,39,3,-1
7,2,6,13,1,9,5,0,0,2,0,39,3,-1
8,2,6,13,1,9,5,0,0,2,0,39,3,-1
8,2,6,13,1,9,5,0,0,2,0,39,4,-1
8,1,6,13,1,9,5,0,0,2,0,39,4,-1
8,1,6,13,1,9,5,0,0,2,0,39,3,-1
8,1,6,13,1,9,4,0,0,2,0,39,3,-1
8,1,6,13,1,9,4,0,0,2,0,38,3,-1
8,1,5,15,0,8,4,1,0,1,1,36,3,-1
8,1,5,15,0,8,4,1,0,1,1,36,2,-1
7,1,5,15,0,8,4,1,0,1,1,36,2,-1
6,0,8,1,0,4,2,4,0,0,0,40,0,1
6,0,8,1,0,5,2,4,0,0,0,40,0,1
6,0,8,1,0,5,2,4,0,0,0,39,0,1
6,0,8,1,0,4,2,4,0,0,0,39,0,1
6,0,8,1,0,3,2,4,0,0,0,39,0,1
6,0,9,1,0,3,2,4,0,0,0,40,0,1
6,1,9,1,0,3,2,4,0,0,0,40,0,1
6,1,9,1,0,3,2,4,0,0,0,41,0,1
6,0,9,1,0,3,2,4,0,0,0,41,0,1
6,0,9,1,0,2,2,4,0,0,0,41,0,1
5,0,9,1,0,2,2,4,0,0,0,41,0,1
5,0,9,1,0,2,3,4,0,0,0,41,0,1
8,4,10,0,5,4,0,0,0,1,4,39,3,-1
8,4,10,0,6,4,0,0,0,1,4,39,3,-1
8,5,10,0,6,4,0,0,0,1,4,39,3,-1
8,5,10,0,6,4,0,0,0,1,3,39,3,-1
8,5,10,0,6,4,0,0,0,1,3,40,3,-1
8,4,10,0,6,4,0,0,0,1,3,40,3,-1
8,3,10,0,6,4,0,0,0,1,3,40,3,-1
8,3,10,0,6,4,0,0,0,1,3,40,4,-1
8,3,10,0,6,4,0,0,0,2,3,40,4,-1
7,3,10,0,6,4,0,0,0,2,3,40,4,-1
7,3,11,0,6,4,0,0,0,2,3,40,4,-1
7,2,11,0,6,4,0,0,0,2,3,40,4,-1
7,2,11,0,6,4,0,0,0,2,2,40,4,-1
7,2,11,0,6,4,0,0,0,2,2,40,3,-1
7,2,11,0,6,4,0,0,0,2,1,40,3,-1
7,1,11,0,6,4,0,0,0,2,1,40,3,-1
7,1,11,0,6,4,0,0,0,3,1,40,3,-1
7,1,11,0,6,4,0,0,0,3,0,40,3,-1
7,1,11,0,6,4,0,0,0,3,0,39,3,-1
7,1,11,0,5,4,0,0,0,3,0,39,3,-1
7,1,10,0,5,4,0,0,0,3,0,39,3,-1
7,1,10,0,5,4,0,0,0,3,0,38,3,-1
7,1,10,0,5,5,0,0,0,3,0,39,3,-1
7,1,10,0,5,6,0,0,0,3,0,39,3,1
7,1,10,0,4,6,0,0,0,3,0,39,3,1
7,1,10,0,4,6,0,0,0,3,1,39,3,1
7,1,10,0,4,7,0,0,0,3,0,39,3,1
7,1,10,0,4,7,0,0,0,3,0,39,4,1
8,1,10,0,4,7,0,0,0,3,0,39,4,1
8,1,10,0,4,7,1,0,0,3,0,39,4,1
8,2,10,0,4,7,1,0,0,3,0,39,4,1
8,2,10,0,4,7,1,0,0,3,0,38,4,1
8,2,10,0,4,7,1,0,0,3,0,37,4,1
8,2,10,0,4,7,1,0,0,3,0,37,5,1
9,2,10,0,4,7,1,0,0,3,0,37,5,1
9,2,10,0,4,7,1,0,0,3,0,37,6,1
9,2,10,0,4,7,1,0,0,3,0,38,6,1
9,1,10,0,4,7,1,0,0,3,0,38,6,1
9,1,10,0,4,7,1,0,0,3,0,38,7,1
9,1,10,0,4,7,2,0,0,3,0,38,7,1
9,2,10,0,4,7,2,0,0,3,0,38,7,1
9,2,10,0,4,7,2,0,0,3,0,38,6,1
9,2,10,0,4,7,2,0,0,3,0,39,6,1
9,2,10,0,5,7,2,0,0,3,0,39,6,1
9,2,9,0,5,7,2,0,0,3,0,39,6,1
9,2,8,0,5,7,2,0,0,3,0,39,6,1
9,2,8,0,5,8,2,0,0,3,0,39,6,1
9,2,8,0,5,9,2,0,0,3,0,39,6,1
9,2,8,0,5,9,3,0,0,3,0,39,6,1
9,2,8,0,5,9,3,0,0,3,0,38,6,1
9,2,8,0,5,9,1,0,0,3,0,39,6,1
9,2,9,0,5,9,1,0,0,3,0,39,6,1
9,3,9,0,5,9,1,0,0,3,0,39,6,1
9,3,9,0,5,9,1,0,0,3,0,39,7,1
9,3,9,0,5,9,2,0,0,3,0,39,7,1
9,3,9,0,5,9,0,0,0,3,0,39,7,1
9,3,9,0,5,10,0,0,0,3,0,39,7,1
8,3,9,0,5,10,0,0,0,3,0,39,7,1
8,4,9,0,5,10,0,0,0,3,0,39,7,1
8,4,9,0,5,10,0,0,0,3,1,39,7,1
8,3,9,0,5,10,0,0,0,3,1,39,7,1
8,3,9,0,5,10,0,0,0,2,1,39,7,1
8,3,9,0,5,9,0,0,0,2,1,39,7,1
8,4,9,0,5,9,0,0,0,2,1,39,7,1
8,4,9,0,5,9,1,0,0,2,1,39,7,1
7,4,9,0,5,9,1,0,0,2,1,39,7,1
7,4,9,0,5,9,0,0,0,2,1,39,7,1
7,4,9,0,5,9,0,0,0,2,1,38,7,1
7,4,9,0,4,9,0,0,0,2,1,38,7,1
7,4,9,0,4,10,0,0,0,2,1,38,7,1
7,4,9,0,3,10,0,0,0,2,1,38,7,1
7,4,9,0,3,10,0,0,0,2,1,38,6,1
7,4,9,0,3,10,0,0,0,2,1,37,6,1
7,4,9,0,3,10,0,0,0,2,1,37,7,1
7,4,9,0,3,10,0,0,0,1,1,37,7,1
7,4,9,0,4,10,0,0,0,1,1,37,7,1
7,4,10,0,4,10,0,0,0,1,1,37,7,1
7,4,10,0,3,10,0,0,0,1,1,37,7,1
7,3,10,0,3,10,0,0,0,1,1,37,7,1
7,3,10,0,3,10,0,0,0,1,1,37,8,1
7,3,10,0,3,11,0,0,0,1,1,37,8,1
7,4,10,0,3,11,0,0,0,1,1,37,8,1
7,4,10,0,3,10,0,0,0,1,1,37,8,1
4,4,13,0,0,5,2,0,0,0,0,50,0,-1
4,4,13,0,0,5,2,0,0,0,0,50,1,-1
3,4,12,0,1,5,0,0,0,0,2,51,0,-1
3,4,12,0,1,5,0,0,0,0,2,50,0,-1
3,4,12,0,1,4,0,0,0,0,2,50,0,-1
3,4,12,0,2,4,0,0,0,0,2,50,0,-1
3,4,12,0,2,4,1,0,0,0,2,50,0,-1
3,4,12,0,3,4,1,0,0,0,2,50,0,-1
3,4,12,0,3,4,1,0,0,0,2,51,0,-1
3,4,12,0,3,4,0,0,0,0,2,51,0,-1
3,4,12,0,3,4,0,0,0,0,2,52,0,-1
3,4,13,0,3,4,0,0,0,0,2,52,0,-1
3,4,14,0,3,4,0,0,0,0,2,52,0,-1
3,4,14,0,3,4,1,0,0,0,2,52,0,-1
3,4,13,0,3,4,1,0,0,0,2,52,0,-1
3,4,13,1,3,4,1,0,0,0,2,52,0,-1
3,4,12,1,3,4,1,0,0,0,2,52,0,-1
3,4,12,2,3,4,1,0,0,0,2,52,0,-1
3,4,12,2,3,4,0,0,0,0,2,52,0,-1
3,4,12,2,3,4,0,0,0,0,3,52,0,-1
3,4,12,2,3,4,0,0,0,0,3,53,0,-1
3,4,12,2,3,4,0,0,0,1,3,53,0,-1
3,4,12,2,3,4,0,0,0,1,4,53,0,-1
3,4,12,2,3,4,0,0,0,1,4,54,0,-1
3,4,12,2,3,4,0,0,0,1,4,54,1,-1
3,4,12,2,3,4,0,0,0,1,4,55,1,-1
3,4,12,2,3,4,0,0,0,1,3,55,1,-1
3,4,12,2,3,4,1,0,0,1,3,55,1,-1
3,4,12,2,2,4,1,0,0,1,3,55,1,-1
3,4,12,2,2,4,0,0,0,1,3,55,1,-1
3,4,12,2,2,4,0,0,0,1,3,56,1,-1
3,4,12,2,2,4,0,0,0,0,3,55,1,-1
3,4,12,2,1,4,0,0,0,0,3,55,1,-1
3,5,12,2,1,4,0,0,0,0,3,55,1,-1
3,4,12,2,1,4,0,0,0,0,3,54,1,-1
3,4,13,2,1,4,0,0,0,0,3,55,1,-1
3,4,13,2,1,5,0,0,0,0,3,55,1,-1
3,4,13,2,1,5,0,0,0,0,3,54,1,-1
3,4,13,2,1,5,0,0,0,0,4,54,1,-1
3,4,13,2,1,5,1,0,0,0,4,54,1,-1
3,4,13,2,1,5,1,0,0,0,4,53,1,-1
3,4,13,3,1,5,1,0,0,0,4,53,1,-1
4,4,13,3,1,5,1,0,0,0,4,53,1,1
4,4,13,4,1,5,1,0,0,0,4,53,1,1
4,4,14,4,1,5,1,0,0,0,4,53,1,1
4,4,14,3,1,5,1,0,0,0,4,53,1,1
3,4,14,3,1,5,1,0,0,0,4,53,1,-1
4,4,14,3,1,5,1,0,0,0,4,53,0,1
4,4,14,3,1,5,2,0,0,0,4,53,0,1
4,4,14,3,1,5,2,0,0,0,4,54,0,1
3,4,14,3,1,5,2,0,0,0,4,53,0,-1
3,4,14,3,1,5,2,0,0,0,4,52,0,-1
3,0,9,3,2,8,1,0,0,0,0,41,0,-1
3,0,10,3,2,8,1,0,0,0,0,41,0,-1
4,0,10,3,2,8,1,0,0,0,0,41,0,-1
4,0,10,3,2,8,1,0,0,0,0,40,0,-1
3,0,10,3,2,8,1,0,0,0,0,40,0,-1
3,0,10,2,2,8,1,0,0,0,0,40,0,-1
3,0,11,2,2,8,1,0,0,0,0,40,0,-1
3,0,11,2,3,8,1,0,0,0,0,40,0,-1
3,0,11,2,3,8,1,0,0,0,0,39,0,-1
3,0,11,2,2,8,1,0,0,0,0,39,0,-1
3,0,11,2,2,8,0,0,0,0,0,39,0,-1
3,0,11,2,1,8,1,0,0,0,0,40,0,-1
4,0,11,2,1,8,1,0,0,0,0,40,0,-1
4,0,11,2,2,8,1,0,0,0,0,40,0,-1
4,0,11,2,2,7,1,0,0,0,0,40,0,-1
4,0,11,2,2,7,1,0,0,0,1,40,0,-1
4,0,11,2,2,6,1,0,0,0,1,40,0,-1
4,0,11,2,2,6,1,0,0,0,1,41,0,-1
4,0,11,2,1,6,1,0,0,0,1,41,0,-1
4,0,11,3,2,6,1,0,0,0,1,41,0,-1
3,0,11,3,2,6,1,0,0,0,1,41,0,-1
3,0,11,4,2,6,1,0,0,0,1,41,0,-1
3,0,11,5,2,6,1,0,0,0,1,41,0,-1
3,0,11,5,2,7,1,0,0,0,1,41,0,-1
3,0,11,5,3,7,1,0,0,0,1,41,0,-1
3,0,11,6,3,7,1,0,0,0,1,41,0,-1
3,0,11,6,3,6,1,0,0,0,1,41,0,-1
3,0,11,6,3,6,1,0,0,0,1,40,0,-1
3,0,11,6,3,7,1,0,0,0,1,40,0,-1
3,0,11,6,3,7,0,0,0,0,1,40,0,-1
3,0,11,5,3,7,0,0,0,0,1,40,0,-1
3,0,11,5,3,7,0,0,0,1,1,40,0,-1
4,0,11,5,3,7,0,0,0,1,1,40,0,-1
4,0,12,5,3,7,0,0,0,1,1,40,0,-1
4,0,12,5,3,7,0,0,0,1,1,39,0,-1
4,0,12,5,3,7,0,0,0,1,1,38,0,-1
4,0,12,5,3,7,1,0,0,1,1,38,0,-1
4,0,12,5,3,7,1,0,0,0,1,38,0,-1
4,0,12,4,3,7,1,0,0,0,1,38,0,-1
4,0,12,4,3,7,1,0,0,0,2,38,0,-1
4,0,12,4,3,7,0,0,0,0,2,38,0,-1
4,0,13,4,3,7,0,0,0,0,2,38,0,-1
4,0,13,4,3,7,0,0,0,0,3,38,0,-1
4,0,13,4,3,8,0,0,0,0,3,38,0,-1
4,1,13,4,3,8,0,0,0,0,3,38,0,1
4,1,13,4,4,8,0,0,0,0,3,38,0,1
4,2,13,4,4,8,0,0,0,0,3,38,0,1
4,2,13,4,4,8,0,0,0,0,4,38,0,1
4,2,13,4,4,8,0,0,0,0,4,37,0,1
4,2,13,4,4,7,0,0,0,0,4,37,0,1
3,2,13,4,4,7,0,0,0,0,4,37,0,1
3,1,13,4,4,7,0,0,0,0,4,37,0,1
3,1,13,4,4,7,0,0,0,0,4,38,0,1
3,1,13,4,3,7,0,0,0,0,4,38,0,1
3,1,13,4,3,7,0,0,0,0,5,38,0,1
3,2,13,4,3,7,0,0,0,0,5,38,0,1
3,2,13,4,3,7,0,0,0,1,5,38,0,1
3,2,13,4,3,7,0,0,0,1,4,38,0,1
4,2,13,4,3,7,0,0,0,1,4,38,0,1
4,1,13,4,3,7,0,0,0,1,4,38,0,1
4,1,13,4,3,7,0,0,0,2,4,38,0,1
4,1,13,4,3,7,0,0,0,2,4,39,0,1
4,1,13,4,3,7,0,0,0,1,4,39,0,1
4,1,13,4,3,8,0,0,0,1,4,39,0,1
4,2,13,4,3,8,0,0,0,1,4,39,0,1
4,2,13,4,3,7,0,0,0,1,4,39,0,1
4,2,13,4,3,6,0,0,0,1,4,39,0,1
4,2,13,4,3,6,0,0,0,1,4,38,0,1
3,2,13,4,3,6,0,0,0,1,4,38,0,1
4,2,13,4,3,6,0,0,0,1,4,37,0,1
3,2,13,4,3,6,0,0,0,1,4,37,0,1
3,1,13,4,3,6,0,0,0,1,4,37,0,1
3,1,13,4,3,5,0,0,0,1,4,37,0,-1
3,1,13,4,3,6,1,0,0,1,4,37,0,1
3,1,13,4,3,6,2,0,0,1,4,37,0,1
3,1,13,4,3,6,2,0,0,1,5,37,0,1
3,1,13,4,3,7,2,0,0,1,5,37,0,1
3,2,13,4,3,7,2,0,0,1,5,37,0,1
3,2,13,4,3,7,2,0,0,1,6,37,0,1
3,1,13,4,3,7,2,0,0,1,6,37,0,1
3,1,13,4,3,7,1,0,0,1,6,37,0,1
4,1,13,4,3,7,2,0,0,1,6,37,0,1
4,1,13,4,3,7,2,0,0,2,6,37,0,1
4,1,13,4,3,7,1,0,0,2,6,37,0,1
4,1,13,3,3,7,1,0,0,2,6,37,0,1
4,1,13,3,3,7,1,0,0,2,7,37,0,1
4,1,13,3,4,7,1,0,0,2,7,37,0,1
4,1,13,3,4,7,1,0,0,3,7,37,0,1
4,1,13,3,5,7,1,0,0,3,7,37,0,1
4,1,13,3,5,7,0,0,0,3,7,37,0,1
4,1,12,3,5,7,0,0,0,3,7,37,0,1
4,1,12,3,5,6,0,0,0,3,7,37,0,1
4,1,12,3,5,6,0,0,0,3,8,37,0,1
5,1,12,3,5,6,0,0,0,3,8,37,0,1
5,1,12,3,4,6,0,0,0,3,8,37,0,1
6,1,12,3,4,6,0,0,0,3,8,37,0,1
6,1,12,3,3,6,0,0,0,3,8,37,0,1
7,1,12,3,3,6,0,0,0,3,8,37,0,1
7,1,12,3,3,6,0,0,0,3,8,38,0,1
7,1,12,2,3,6,0,0,0,3,8,38,0,1
7,1,12,2,3,6,0,0,0,3,8,37,0,1
7,1,12,2,3,6,0,0,0,3,9,37,0,1
7,2,12,2,3,6,0,0,0,3,9,37,0,1
7,2,12,2,3,6,0,0,0,3,9,36,0,1
7,2,11,2,3,6,0,0,0,3,9,37,0,1
5,3,12,3,1,4,1,0,0,3,9,37,0,-1
5,3,12,3,1,4,1,0,0,3,9,38,0,-1
5,3,12,4,1,4,1,0,0,3,9,38,0,-1
5,4,12,4,1,4,1,0,0,3,9,38,0,-1
5,4,12,4,1,4,1,0,0,2,9,38,0,-1
5,4,12,4,1,4,1,0,0,1,9,38,0,-1
5,4,12,4,1,4,1,0,0,0,9,38,0,-1
4,4,12,4,1,4,1,0,0,0,9,38,0,-1
4,4,12,4,1,4,1,0,0,0,10,38,0,-1
4,4,12,4,1,4,0,0,0,0,10,38,0,-1
4,4,12,4,1,4,0,0,0,0,10,37,0,-1
3,4,12,4,1,4,0,0,0,0,10,37,0,-1
3,4,12,4,2,4,0,0,0,0,10,37,0,-1
3,4,12,4,2,5,0,0,0,0,10,37,0,-1
3,4,12,3,2,4,0,0,0,0,10,37,0,-1
3,3,12,3,2,4,0,0,0,0,10,37,0,-1
3,3,11,3,2,4,0,0,0,0,10,37,0,-1
3,3,11,3,2,4,0,0,0,0,9,37,0,-1
3,3,11,3,2,4,0,0,0,0,8,37,0,-1
3,3,11,3,2,4,0,0,0,1,8,37,0,-1
3,3,11,3,2,4,0,0,0,1,8,37,1,-1
3,3,11,3,2,4,0,0,0,2,8,37,1,-1
3,3,11,3,2,4,0,0,0,2,7,37,1,-1
3,3,11,3,2,4,0,0,0,2,7,36,1,-1
3,3,11,3,2,4,0,0,0,2,7,35,1,-1
3,3,11,3,2,4,0,0,0,2,7,34,1,-1
3,3,11,2,2,4,0,0,0,2,7,34,1,-1
3,3,11,2,2,4,0,0,0,2,8,34,1,-1
5,2,11,2,3,6,0,0,0,2,8,34,1,1
5,2,11,2,3,5,0,0,0,2,8,34,1,-1
5,2,11,2,3,5,0,0,0,1,8,34,1,-1
5,3,11,2,3,5,0,0,0,1,8,34,1,-1
5,3,11,2,3,5,0,0,0,1,7,34,1,-1
5,3,11,2,3,5,1,0,0,1,7,34,1,-1
5,3,11,2,3,5,1,0,0,1,7,33,1,-1
5,3,11,2,3,6,1,0,0,1,7,33,1,1
5,3,11,2,3,6,0,0,0,1,7,33,1,1
5,2,11,2,3,6,0,0,0,1,7,33,1,1
6,2,11,2,3,6,0,0,0,1,7,33,1,1
6,2,11,2,3,6,0,0,0,1,7,32,1,1
6,2,11,2,3,6,0,0,0,0,7,32,1,1
7,2,11,2,3,6,0,0,0,0,7,32,1,1
7,2,11,2,3,6,0,0,0,1,7,32,1,1
7,2,11,2,3,6,0,0,0,1,7,32,2,1
7,2,11,2,4,6,0,0,0,1,7,32,2,1
7,3,11,2,4,6,0,0,0,1,7,32,2,1
7,3,11,2,5,6,0,0,0,1,7,32,2,1
7,3,11,1,5,6,0,0,0,1,7,32,2,1
7,3,11,1,5,5,0,0,0,1,7,32,2,-1
7,3,11,1,6,5,0,0,0,1,7,32,2,-1
7,3,11,1,6,4,0,0,0,1,7,32,2,-1
7,4,11,1,6,4,0,0,0,1,7,32,2,-1
7,4,11,1,6,4,0,0,0,0,7,32,2,-1
7,4,11,1,6,4,0,0,0,0,6,32,2,-1
6,4,11,1,6,4,0,0,0,0,6,32,2,-1
6,4,11,1,6,4,0,0,0,0,6,32,3,-1
6,5,11,1,6,4,0,0,0,0,6,32,3,-1
6,5,11,1,6,4,0,0,0,1,6,32,3,-1
6,5,11,1,6,4,0,0,0,1,5,32,3,-1
6,4,11,1,6,4,0,0,0,1,5,32,3,-1
6,4,11,1,6,4,1,0,0,1,5,32,3,-1
7,5,9,2,4,10,5,0,0,0,9,34,6,1
7,5,8,2,4,10,5,0,0,0,9,34,6,1
7,4,9,2,4,10,5,0,0,0,9,34,6,1
7,5,9,2,4,10,5,0,0,0,10,34,6,1
7,5,9,1,4,10,5,0,0,0,10,34,6,1
7,5,9,1,4,11,5,0,0,0,10,34,6,1
7,5,9,1,4,11,5,0,0,0,10,34,5,1
6,5,9,1,4,11,5,0,0,0,10,34,5,1
6,5,9,1,4,11,5,0,0,0,10,35,5,1
7,5,9,1,4,11,5,0,0,0,10,35,5,1
7,6,9,1,4,11,5,0,0,0,10,35,5,1
7,6,9,1,3,11,5,0,0,0,10,35,5,1
7,6,9,1,3,11,4,0,0,0,10,35,5,1
7,6,9,1,3,11,4,0,0,0,9,35,5,1
7,6,9,1,3,11,4,0,0,0,9,36,5,1
7,6,9,1,3,11,4,0,0,0,10,36,5,1
8,6,9,1,3,11,4,0,0,0,10,36,5,1
8,6,9,1,3,11,4,0,0,0,10,35,5,1
8,6,9,1,3,11,4,0,0,0,10,34,5,1
8,6,9,1,3,11,3,0,0,0,10,34,5,1
8,6,9,1,3,10,3,0,0,0,10,34,5,1
8,7,9,1,3,10,3,0,0,0,10,34,5,1
8,7,9,1,3,10,3,0,0,0,11,34,5,1
8,7,9,2,3,10,3,0,0,0,11,34,5,1
8,7,8,2,3,10,3,0,0,0,11,34,5,1
8,7,8,2,3,9,3,0,0,0,11,34,5,1
8,7,8,2,3,10,4,0,0,0,11,34,5,1
8,7,8,2,3,10,5,0,0,0,11,34,5,1
8,7,7,2,3,10,5,0,0,0,11,34,5,1
9,7,8,2,3,10,5,0,0,0,11,34,5,1
9,6,8,2,3,10,5,0,0,0,11,34,5,1
9,6,8,2,3,10,4,0,0,0,11,34,5,1
9,6,7,2,3,10,4,0,0,0,11,34,5,1
8,6,7,2,3,10,4,0,0,0,11,34,5,1
8,6,8,2,3,10,4,0,0,0,11,34,5,1
8,5,8,2,3,10,4,0,0,0,11,34,5,1
8,5,8,2,3,11,4,0,0,0,11,34,5,1
8,5,8,2,2,11,4,0,0,0,11,34,5,1
8,5,8,2,2,11,4,0,0,0,11,35,5,1
8,5,8,2,2,11,3,0,0,0,11,35,5,1
8,5,7,2,2,11,3,0,0,0,11,35,5,1
8,5,7,2,2,12,3,0,0,0,11,35,5,1
8,5,7,2,1,12,3,0,0,0,11,35,5,1
9,5,7,2,1,12,3,0,0,0,11,35,5,1
9,5,7,1,1,12,3,0,0,0,11,35,5,1
9,5,7,1,1,12,3,0,0,1,11,35,5,1
9,5,7,1,1,12,3,0,0,1,11,36,5,1
9,6,6,1,0,14,5,1,0,1,13,41,6,1
9,7,6,1,0,14,5,1,0,1,13,41,6,1
9,7,5,1,0,14,5,1,0,1,13,41,6,1
9,7,5,1,0,13,5,1,0,1,13,41,6,1
9,7,4,1,0,13,5,1,0,1,13,41,6,1
9,7,4,1,0,13,5,1,0,1,13,40,6,1
9,7,4,1,0,13,5,1,0,1,14,40,6,1
9,7,4,1,0,13,5,2,0,1,14,40,6,1
9,7,4,2,0,13,5,2,0,1,14,40,6,1
9,7,4,2,0,13,5,2,0,1,14,41,6,1
9,7,4,2,0,13,5,2,0,2,14,41,6,1
9,7,4,2,0,13,5,3,0,2,14,41,6,1
9,7,4,2,0,13,5,3,0,3,14,41,6,1
9,7,4,2,0,13,5,3,0,3,14,41,7,1
9,6,4,2,0,13,5,3,0,3,14,41,7,1
9,6,4,2,0,13,5,3,0,2,14,41,7,1
9,6,4,2,0,13,5,3,0,3,14,40,7,1
9,6,4,2,0,13,5,2,0,3,14,40,7,1
9,6,4,1,0,13,5,2,0,3,14,40,7,1
9,6,4,1,0,13,5,3,0,3,14,40,7,1
9,6,4,1,0,13,5,4,0,3,14,40,7,1
9,6,4,1,0,13,5,4,0,3,15,40,7,1
9,6,4,1,0,13,5,3,0,3,15,40,7,1
9,6,4,1,0,14,5,4,0,3,15,40,7,1
9,6,4,1,0,14,5,4,0,3,15,41,7,1
9,5,4,1,0,14,5,4,0,3,15,41,7,1
9,5,4,1,0,14,4,4,0,3,15,41,7,1
9,5,4,1,0,14,3,4,0,3,15,41,7,1
8,5,4,1,0,14,3,4,0,3,15,41,7,1
8,5,4,1,0,14,3,4,0,3,15,42,7,1
8,5,5,1,0,14,3,4,0,3,15,42,7,1
7,5,5,1,0,14,3,4,0,3,15,42,7,1
7,5,5,1,0,14,3,4,0,3,14,42,7,1
8,5,5,1,0,14,3,4,0,3,14,42,7,1
8,6,5,1,0,14,3,4,0,3,14,42,7,1
7,5,5,1,0,14,3,4,0,2,15,41,7,1
7,5,5,1,0,14,3,3,0,2,15,41,7,1
7,6,5,1,0,14,3,3,0,2,15,41,7,1
7,6,5,1,0,14,2,3,0,2,15,41,7,1
7,6,5,1,0,14,2,3,0,2,16,41,7,1
7,6,5,2,0,14,2,3,0,2,16,41,7,1
7,6,5,2,0,14,1,3,0,2,16,41,7,1
8,6,5,2,0,14,1,3,0,2,16,41,7,1
8,6,5,2,0,13,1,3,0,2,16,41,7,1
8,6,5,2,0,13,1,3,0,2,16,40,7,1
9,6,5,2,0,13,1,3,0,2,16,40,7,1
9,6,5,2,0,13,1,4,0,2,16,40,7,1
9,6,5,2,0,14,1,4,0,2,16,40,7,1
9,6,5,2,0,14,0,4,0,2,16,40,7,1
8,6,5,2,0,14,0,4,0,2,16,40,7,1
8,6,5,2,0,14,0,4,0,1,16,40,7,1
7,6,5,2,0,14,0,4,0,1,16,40,7,1
8,5,6,3,0,13,0,3,0,1,16,40,7,1
8,5,6,3,0,13,0,4,0,1,16,40,7,1
8,5,6,3,0,13,0,4,0,0,16,40,7,1
8,5,6,3,0,13,0,3,0,0,16,40,7,1
8,5,5,3,0,13,0,3,0,0,16,40,7,1
8,5,5,3,0,13,0,3,0,0,15,40,7,1
8,5,5,3,0,14,0,3,0,0,15,40,7,1
8,5,5,3,0,14,0,3,0,0,15,41,7,1
8,5,5,3,0,14,0,3,0,0,15,42,7,1
8,5,5,3,0,14,0,3,0,0,16,42,7,1
8,5,5,3,0,14,0,4,0,0,16,42,7,1
8,5,5,2,0,14,0,4,0,0,16,42,7,1
7,5,5,2,0,14,0,4,0,0,16,42,7,1
7,5,5,2,0,14,1,4,0,0,16,42,7,1
7,5,5,1,0,14,1,4,0,0,16,42,7,1
7,5,5,1,0,14,1,4,0,0,16,43,7,1
7,5,5,1,0,14,1,3,0,0,16,43,7,1
7,5,5,1,0,14,1,3,0,1,16,43,7,1
7,5,5,1,0,14,1,4,0,1,16,43,7,1
7,5,5,1,0,14,1,3,0,1,16,44,7,1
7,5,5,1,0,14,0,3,0,1,16,44,7,1
7,5,5,1,0,14,0,4,0,1,16,44,7,1
8,5,5,1,0,14,0,4,0,1,16,44,7,1
8,5,5,1,0,14,0,3,0,1,16,44,7,1
8,5,5,1,0,14,0,3,0,0,16,44,7,1
8,5,5,1,0,14,1,3,0,0,16,44,7,1
8,5,5,1,0,14,0,3,0,0,16,45,7,1
8,5,5,1,0,14,0,3,0,0,16,46,7,1
8,5,5,1,0,15,0,3,0,0,16,44,7,1
7,5,5,1,0,15,0,3,0,0,16,44,7,1
6,5,5,1,0,15,0,3,0,0,16,44,7,1
6,5,5,1,0,15,0,3,0,0,16,43,7,1
6,5,5,1,0,15,0,4,0,0,16,43,7,1
6,5,6,1,0,15,0,4,0,0,16,43,7,1
7,5,6,1,0,15,0,4,0,0,16,43,7,1
7,5,6,1,0,16,0,4,0,0,16,43,7,1
7,5,6,1,0,16,0,4,0,0,16,44,7,1
7,5,7,1,0,16,0,4,0,0,16,44,7,1
7,5,7,1,0,17,0,4,0,0,16,44,7,1
7,5,7,1,0,17,1,4,0,0,16,44,7,1
7,5,7,1,0,17,1,3,0,0,16,44,7,1
7,5,7,1,0,17,1,2,0,0,16,44,7,1
7,5,7,1,0,17,2,2,0,0,16,44,7,1
7,5,7,1,0,17,3,2,0,0,16,44,7,1
7,5,7,1,0,17,3,2,0,0,16,43,7,1
8,5,7,1,0,17,3,2,0,0,16,43,7,1
8,5,7,1,0,18,3,2,0,0,16,43,7,1
7,5,7,1,0,18,3,2,0,0,16,43,7,1
7,5,7,1,0,17,2,2,0,0,16,43,7,1
7,5,7,1,0,17,2,3,0,0,16,43,7,1
7,5,7,1,0,17,2,3,0,0,17,43,7,1
6,5,7,1,0,17,2,3,0,0,17,43,7,1
6,5,7,1,0,17,2,2,0,0,17,43,7,1
6,5,7,1,0,17,2,2,0,0,17,42,7,1
6,5,7,2,0,17,2,2,0,0,17,42,7,1
5,5,7,2,0,17,2,2,0,0,17,42,7,1
5,5,7,2,0,17,3,2,0,0,17,42,7,1
5,5,7,2,0,17,3,2,0,0,17,42,8,1
5,6,7,2,0,17,3,2,0,0,17,42,8,1
5,6,7,2,0,18,3,2,0,0,17,42,8,1
5,6,7,1,0,18,3,2,0,0,17,42,8,1
5,6,7,1,0,17,3,2,0,0,17,42,8,1
5,6,7,1,0,16,3,2,0,0,17,42,8,1
5,6,7,1,0,16,3,2,0,0,17,41,8,1
5,6,7,2,0,16,3,2,0,0,17,41,8,1
5,6,7,2,0,16,3,2,0,0,17,42,8,1
5,6,7,1,0,16,4,2,0,0,17,42,8,1
5,6,7,1,0,16,3,2,0,0,16,42,8,1
5,6,7,1,0,16,3,2,0,0,16,43,8,1
5,6,7,1,0,16,3,2,0,0,17,43,8,1
5,6,7,1,0,16,4,2,0,0,17,43,8,1
5,6,7,1,0,16,4,2,0,0,17,44,8,1
5,6,7,1,0,16,4,1,0,0,17,43,8,1
5,6,7,1,0,17,4,1,0,0,17,43,8,1
5,6,7,1,0,17,4,1,0,0,17,44,8,1
5,6,7,1,0,17,4,1,0,0,17,44,9,1
5,6,7,1,0,17,4,2,0,0,17,44,9,1
5,6,7,1,0,16,4,2,0,0,17,44,9,1
5,6,7,1,0,16,4,2,0,1,17,44,9,1
5,6,7,2,0,16,4,2,0,1,17,44,9,1
5,6,7,2,0,16,4,2,0,1,17,44,8,1
5,6,7,2,0,16,4,3,0,1,17,44,8,1
5,6,7,3,0,16,4,3,0,1,17,44,8,1
5,6,7,3,0,16,3,3,0,1,17,44,8,1
5,6,7,3,0,16,3,4,0,1,17,44,8,1
5,6,7,3,0,17,3,3,0,1,17,44,8,1
5,5,7,3,0,17,3,3,0,1,17,44,8,1
5,5,7,3,0,16,3,3,0,1,17,44,8,1
5,5,7,3,0,16,3,3,0,2,17,44,8,1
5,5,7,3,0,16,3,2,0,2,17,44,8,1
5,5,7,3,0,16,3,2,0,1,17,44,8,1
5,6,7,3,0,16,3,2,0,1,17,44,8,1
5,6,7,4,1,17,1,0,0,0,19,43,8,1
5,6,7,4,2,17,1,0,0,0,19,43,8,1
5,6,7,5,2,17,1,0,0,0,19,43,8,1
5,6,6,4,2,17,1,0,0,0,19,43,8,1
4,4,10,1,0,12,2,4,0,0,0,98,0,1
4,4,10,1,0,12,2,3,0,0,0,98,0,1
4,3,10,1,0,12,2,3,0,0,0,98,0,1
4,3,10,1,0,12,2,4,0,0,0,98,0,1
4,3,10,1,0,13,2,4,0,0,0,98,0,1
4,3,10,1,0,13,2,4,0,0,0,99,0,1
4,3,10,1,0,12,2,4,0,0,0,99,0,1
4,3,10,1,0,12,1,4,0,0,0,99,0,1
4,3,10,1,0,12,1,4,0,0,0,98,0,1
4,3,10,1,0,12,1,4,0,1,0,98,0,1
4,3,11,1,0,12,1,4,0,1,0,98,0,1
4,4,11,1,0,12,1,4,0,1,0,98,0,1
4,4,11,1,0,11,1,4,0,1,0,98,0,1
4,4,11,1,0,11,2,4,0,1,0,98,0,1
4,4,12,1,0,11,2,4,0,1,0,98,0,1
4,4,12,1,0,11,1,4,0,1,0,98,0,1
4,4,12,1,0,11,1,4,0,0,0,98,0,1
4,4,12,2,0,11,1,4,0,0,0,98,0,1
4,4,12,3,0,11,1,4,0,0,0,98,0,1
4,4,12,3,0,12,1,4,0,0,0,98,0,1
4,4,12,3,0,12,1,3,0,0,0,98,0,1
4,4,12,3,0,12,1,3,0,0,0,99,0,1
4,4,12,3,0,12,1,3,0,1,0,99,0,1
4,4,12,3,0,12,1,3,0,1,0,98,0,1
4,5,12,3,0,12,1,3,0,1,0,98,0,1
4,5,12,3,0,12,1,3,0,2,0,98,0,1
4,5,12,3,0,12,1,3,0,2,0,99,0,1
4,5,12,3,0,12,1,3,0,1,0,99,0,1
4,5,12,2,0,12,1,3,0,1,0,99,0,1
4,5,12,1,0,12,1,3,0,1,0,99,0,1
4,5,12,1,0,12,1,2,0,1,0,99,0,1
4,4,12,1,0,12,1,2,0,1,0,99,0,1
4,4,12,1,0,12,1,2,0,2,0,99,0,1
4,4,12,1,0,12,1,2,0,2,1,99,0,1
4,4,12,1,0,12,1,3,0,2,1,99,0,1
4,4,12,1,0,12,1,4,0,2,1,99,0,1
4,4,12,1,0,12,1,4,0,2,2,99,0,1
4,4,12,1,0,13,1,4,0,2,2,99,0,1
4,4,12,1,0,13,1,4,0,2,2,98,0,1
4,4,12,1,0,13,1,4,0,2,2,97,0,1
4,4,12,1,0,13,0,4,0,2,2,97,0,1
4,4,12,1,0,13,0,4,0,2,2,96,0,1
4,4,12,1,0,13,0,4,0,3,2,96,0,1
4,4,12,1,0,13,0,4,0,4,2,96,0,1
4,3,12,1,0,13,0,4,0,4,2,96,0,1
4,3,12,1,0,13,0,4,0,5,2,96,0,1
4,3,12,1,0,13,0,3,0,5,2,96,0,1
4,3,12,1,0,13,0,3,0,5,1,96,0,1
4,3,12,1,0,13,0,2,0,5,1,96,0,1
4,3,12,1,0,13,0,2,0,5,1,97,0,1
4,3,12,1,0,13,0,3,0,5,1,97,0,1
4,3,12,1,0,12,0,3,0,5,1,97,0,1
5,3,12,1,0,12,0,3,0,5,1,97,0,1
6,3,12,1,0,12,0,3,0,5,1,97,0,1
6,3,12,1,0,12,1,3,0,5,1,97,0,1
6,3,12,1,0,12,1,4,0,5,1,97,0,1
6,3,12,1,0,12,1,3,0,4,1,97,0,1
6,3,12,1,0,12,1,3,0,4,1,98,0,1
6,3,12,1,0,12,1,3,0,4,2,98,0,1
6,4,12,1,0,12,1,3,0,4,1,98,0,1
6,4,12,1,0,12,1,3,0,4,0,98,0,1
6,4,12,1,0,12,1,2,0,4,0,98,0,1
6,4,12,1,0,12,1,2,0,3,0,98,0,1
6,4,12,1,0,12,1,1,0,3,0,98,0,1
6,4,12,1,0,13,1,1,0,3,0,98,0,1
6,3,12,1,0,13,1,1,0,3,0,98,0,1
6,3,12,1,0,13,2,1,0,3,0,98,0,1
6,3,12,1,0,14,2,1,0,3,0,98,0,1
6,3,12,1,0,14,3,1,0,3,0,98,0,1
6,3,11,1,0,14,3,1,0,3,0,98,0,1
6,3,11,1,0,14,3,1,0,3,0,97,0,1
6,3,11,1,0,14,3,2,0,3,0,98,0,1
6,3,11,1,0,14,3,3,0,3,0,98,0,1
6,3,11,1,0,14,3,4,0,3,0,98,0,1
6,3,11,1,0,14,3,4,0,4,0,98,0,1
7,3,11,1,0,14,3,4,0,4,0,98,0,1
7,3,11,1,0,14,3,4,0,4,0,97,0,1
7,3,11,1,0,14,4,4,0,4,0,97,0,1
7,3,11,1,0,14,4,4,0,4,0,98,0,1
7,3,11,1,0,15,4,4,0,4,0,98,0,1
8,3,11,1,0,15,4,4,0,4,0,98,0,1
8,3,11,1,0,15,4,4,0,4,0,99,0,1
8,3,11,1,0,15,5,4,0,4,0,99,0,1
8,3,11,1,0,15,5,4,0,4,0,98,0,1
8,3,11,2,0,15,5,4,0,4,0,98,0,1
8,3,10,2,0,15,5,4,0,4,0,98,0,1
8,3,10,2,0,15,5,4,0,4,0,97,0,1
8,3,10,2,0,15,5,4,0,4,1,98,0,1
8,3,10,2,0,15,5,4,0,5,1,98,0,1
8,3,10,2,0,15,5,4,0,6,1,98,0,1
8,3,11,2,0,15,5,4,0,6,1,98,0,1
8,3,11,2,0,15,5,4,0,6,1,99,0,1
8,4,11,2,0,15,5,4,0,6,1,99,0,1
8,4,11,2,0,15,5,4,0,6,0,99,0,1
8,4,11,2,0,14,5,4,0,6,0,99,0,1
8,4,11,2,0,14,5,3,0,6,0,99,0,1
8,4,11,2,0,13,5,3,0,6,0,99,0,1
8,5,11,2,0,13,5,3,0,6,0,99,0,1
8,5,12,2,0,13,5,3,0,6,0,99,0,1
8,5,12,2,0,13,5,4,0,6,0,99,0,1
8,5,12,2,0,13,4,4,0,6,0,99,0,1
9,5,12,2,0,13,5,4,0,6,0,99,0,1
9,5,12,2,0,13,5,4,0,6,1,99,0,1
8,5,12,2,0,13,5,4,0,6,1,99,0,1
8,5,12,2,0,13,5,3,0,6,1,99,0,1
9,5,12,2,0,15,5,3,0,5,1,99,0,1
9,5,12,2,0,15,5,4,0,5,1,99,0,1
9,5,12,2,0,15,5,4,0,6,1,99,0,1
9,6,12,2,0,15,5,4,0,6,1,99,0,1
9,6,12,3,0,15,5,4,0,6,1,99,0,1
9,5,12,3,0,15,5,4,0,6,1,99,0,1
9,5,12,3,0,15,5,4,0,6,1,99,1,1
7,2,3,13,4,4,3,0,0,0,0,6,0,1
7,2,3,13,5,4,3,0,0,0,0,6,0,1
6,2,3,13,5,4,3,0,0,0,0,6,0,1
6,2,3,13,5,4,3,0,0,0,1,6,0,1
6,2,3,13,5,4,3,0,0,0,1,5,0,1
6,2,3,13,6,4,3,0,0,0,1,5,0,1
6,2,3,13,6,4,3,0,0,0,1,5,1,1
7,2,3,13,6,4,3,0,0,0,1,5,1,1
7,2,3,13,6,4,3,0,0,1,1,5,1,1
7,3,3,13,6,4,3,0,0,1,1,5,1,1
7,3,3,13,6,4,3,0,0,1,1,6,1,1
7,3,2,13,6,4,3,0,0,1,1,6,1,1
7,3,2,13,6,4,3,0,0,1,2,6,1,1
7,3,2,12,6,4,3,0,0,1,2,6,1,1
7,3,2,12,6,5,3,0,0,1,2,6,1,1
7,3,2,12,6,5,3,0,0,1,3,6,1,1
7,3,2,12,6,5,3,0,0,1,3,7,1,1
7,3,2,12,6,5,3,0,0,1,2,7,1,1
7,3,2,12,6,5,3,0,0,1,1,7,1,1
7,2,2,12,6,5,3,0,0,1,1,7,1,1
7,2,2,12,6,5,3,0,0,0,1,7,1,1
7,1,2,12,6,5,3,0,0,0,1,7,1,1
7,1,2,12,6,5,3,0,0,0,0,7,1,1
7,1,2,13,6,5,3,0,0,0,0,7,1,1
7,1,2,13,6,5,3,0,0,0,0,8,1,1
7,1,2,13,6,5,3,0,0,0,1,8,1,1
7,1,2,13,6,5,3,0,0,0,1,9,1,1
6,1,2,13,6,5,3,0,0,0,1,9,1,1
6,1,2,13,6,5,3,0,0,0,0,9,1,1
6,1,2,13,6,5,3,0,0,0,0,8,1,1
6,1,2,14,6,5,3,0,0,0,0,8,1,1
6,1,2,14,6,5,3,0,0,0,1,8,1,1
6,1,2,15,6,5,3,0,0,0,1,8,1,1
6,1,2,15,6,4,3,0,0,0,1,8,1,1
6,1,2,15,6,4,3,0,0,0,1,9,1,1
6,0,2,15,6,4,3,0,0,0,1,9,1,1
6,0,2,15,6,4,3,0,0,0,1,10,1,1
6,0,2,15,6,4,3,0,0,0,2,10,1,1
7,0,2,15,6,4,3,0,0,0,2,10,1,1
6,0,2,15,5,4,3,0,0,0,2,10,1,1
6,0,2,15,4,4,3,0,0,0,2,10,1,1
5,0,2,15,4,4,3,0,0,0,2,10,1,1
5,0,2,15,4,4,3,0,0,1,2,10,1,1
5,0,2,15,4,4,3,0,0,0,1,10,1,1
5,0,2,15,4,4,3,0,0,0,0,10,1,1
5,0,2,15,4,4,3,0,0,0,0,9,1,1
5,0,2,15,4,4,3,0,0,0,0,8,1,1
5,0,2,15,3,4,3,0,0,0,0,8,1,1
5,0,3,15,3,4,3,0,0,0,0,8,1,1
4,0,3,15,3,4,3,0,0,0,0,8,1,1
4,0,3,15,2,4,3,0,0,0,0,8,1,1
4,0,3,14,3,4,3,0,0,0,0,8,1,1
4,0,3,14,4,4,3,0,0,0,0,8,1,1
4,0,4,14,4,4,3,0,0,0,0,8,1,1
4,0,4,14,3,4,3,0,0,0,0,8,1,1
4,0,5,14,3,4,3,0,0,0,0,8,1,1
4,0,5,14,4,4,3,0,0,0,0,8,1,1
4,0,5,14,4,4,3,0,0,0,0,9,1,1
4,0,5,14,5,4,3,0,0,0,0,9,1,1
4,0,4,14,5,4,3,0,0,0,0,9,1,1
4,0,4,14,5,4,3,0,0,0,0,10,1,1
4,0,3,14,5,4,3,0,0,0,0,10,1,1
4,0,3,14,5,4,3,0,0,0,0,10,0,1
4,0,3,14,5,4,4,0,0,0,0,10,0,1
4,0,3,14,4,4,4,0,0,0,0,10,0,1
4,0,3,14,5,4,4,0,0,0,0,9,0,1
4,1,3,14,5,4,4,0,0,0,0,9,0,1
4,1,3,14,5,4,4,0,0,1,0,9,0,1
4,0,3,14,5,4,4,0,0,1,0,9,0,1
4,0,3,14,5,4,4,0,0,1,0,10,0,1
3,3,16,3,1,8,5,0,0,0,0,40,1,1
3,3,15,3,1,8,5,0,0,0,0,40,1,1
3,3,15,3,1,8,5,0,0,1,0,40,1,1
3,3,14,3,1,8,5,0,0,1,0,40,1,1
3,3,14,3,1,8,5,0,0,0,0,40,1,1
4,3,14,3,1,8,5,0,0,0,0,40,1,1
4,3,14,4,1,8,5,0,0,0,0,40,1,1
4,3,14,4,1,7,5,0,0,0,0,40,1,1
4,3,14,4,1,7,5,0,0,0,0,39,1,1
4,3,13,4,1,7,5,0,0,0,0,39,1,1
4,3,13,4,1,7,5,0,0,0,1,39,1,1
4,3,14,4,1,7,5,0,0,0,1,39,1,1
4,3,14,4,1,7,5,0,0,0,1,39,2,1
4,3,14,4,2,7,5,0,0,0,1,39,2,1
4,3,14,4,2,7,5,0,0,0,1,40,2,1
4,3,14,4,2,7,4,0,0,0,1,40,2,1
4,3,14,3,2,7,4,0,0,0,1,40,2,1
4,3,15,3,2,7,4,0,0,0,1,40,2,1
4,4,15,3,2,7,4,0,0,0,1,40,2,1
4,4,15,3,2,6,4,0,0,0,1,40,2,1
4,4,14,3,2,6,4,0,0,0,1,40,2,1
4,4,14,3,2,6,5,0,0,0,1,40,2,1
4,4,14,3,2,6,5,0,0,1,1,40,2,1
4,4,14,3,2,6,5,0,0,2,1,40,2,1
4,4,14,2,2,5,3,0,0,3,1,38,4,-1
4,4,14,2,2,5,2,0,0,3,1,38,4,-1
4,4,14,2,1,5,2,0,0,3,1,38,4,-1
4,4,13,2,1,5,2,0,0,3,1,38,4,-1
4,4,13,2,1,5,2,0,0,3,0,38,4,-1
4,4,13,2,1,5,2,0,0,3,0,37,4,-1
4,4,13,2,1,5,2,0,0,3,0,37,3,-1
4,4,13,1,1,5,2,0,0,3,0,37,3,-1
4,4,13,1,1,5,1,0,0,3,0,37,3,-1
4,4,13,1,1,5,0,0,0,3,0,37,3,-1
4,4,14,1,1,5,1,0,0,3,0,37,3,-1
4,0,10,1,0,3,2,4,0,0,0,40,0,1
4,0,10,1,0,3,2,4,0,0,1,40,0,1
4,0,10,1,0,3,2,4,0,0,1,39,0,1
4,0,10,1,0,3,2,4,0,0,2,39,0,1
4,0,10,1,0,3,1,4,0,0,2,39,0,1
4,1,10,1,0,3,1,4,0,0,2,39,0,1
4,1,10,1,0,4,1,4,0,0,2,39,0,1
4,1,11,1,0,4,1,4,0,0,2,39,0,1
4,1,11,1,0,5,1,4,0,0,2,39,0,1
4,1,11,1,0,5,1,4,0,0,2,38,0,1
4,1,11,1,0,5,0,4,0,0,2,38,0,1
4,1,11,1,0,6,1,4,0,0,2,38,0,1
6,0,19,3,0,3,3,0,0,0,0,40,0,1
6,0,19,3,0,3,3,0,0,0,0,41,0,1
6,0,19,3,0,3,3,0,0,0,1,40,0,1
4,4,10,3,0,8,2,4,0,0,0,80,0,1
4,4,10,3,0,8,2,4,0,0,0,79,0,1
5,4,10,3,0,8,2,4,0,0,0,80,0,1
5,4,10,3,0,8,2,4,0,0,0,79,0,1
5,4,10,3,0,8,2,4,0,1,0,79,0,1
5,4,10,3,0,8,2,4,0,2,0,79,0,1
5,5,10,3,0,8,2,4,0,2,0,79,0,1
4,5,10,3,0,8,2,4,0,2,0,79,0,1
4,5,10,3,0,8,1,4,0,2,0,79,0,1
5,5,10,3,0,8,2,4,0,2,0,78,0,1
5,6,10,3,0,8,2,4,0,2,0,78,0,1
5,6,10,3,0,8,2,3,0,2,0,78,0,1
5,6,10,3,0,8,2,3,0,2,0,79,0,1
5,5,10,3,0,8,2,3,0,2,0,79,0,1
6,5,10,3,0,8,2,3,0,2,0,79,0,1
6,5,10,3,0,9,2,3,0,2,0,79,0,1
6,5,10,3,0,9,2,2,0,2,0,79,0,1
6,5,10,3,0,9,2,2,0,2,0,80,0,1
6,5,9,3,0,9,2,2,0,2,0,80,0,1
6,5,9,3,0,9,2,2,0,2,1,80,0,1
6,5,9,3,0,9,2,2,0,3,1,80,0,1
6,5,9,3,0,9,2,2,0,3,2,80,0,1
6,5,9,3,0,9,1,2,0,3,2,80,0,1
6,5,10,3,0,9,1,2,0,3,2,80,0,1
6,5,10,3,0,9,1,2,0,3,1,80,0,1
6,5,10,3,0,9,1,2,0,3,1,79,0,1
6,5,10,3,0,9,2,2,0,3,1,79,0,1
6,5,9,3,0,9,2,2,0,3,1,79,0,1
6,4,9,3,0,9,2,2,0,3,1,79,0,1
6,4,9,3,0,9,2,3,0,3,1,79,0,1
6,4,10,3,0,9,2,3,0,3,1,79,0,1
6,4,10,3,0,9,2,3,0,3,1,80,0,1
6,4,10,3,0,9,2,4,0,3,1,80,0,1
6,4,10,3,0,9,2,4,0,4,1,80,0,1
6,4,10,3,0,9,2,4,0,4,1,81,0,1
6,4,10,3,0,9,2,4,0,5,1,81,0,1
6,4,10,3,0,9,2,4,0,5,1,81,1,1
6,4,10,3,0,9,2,4,0,6,1,81,1,1
6,4,10,3,0,9,2,4,0,6,1,82,1,1
6,4,10,3,0,9,2,4,0,6,0,81,1,1
5,4,10,3,0,9,2,4,0,6,0,81,1,1
6,4,10,3,0,9,2,4,0,6,0,80,1,1
6,4,10,3,0,9,2,3,0,6,0,80,1,1
6,4,10,3,0,9,1,3,0,6,0,80,1,1
5,4,10,3,0,9,1,3,0,6,0,80,1,1
5,4,11,3,0,9,1,3,0,6,0,80,1,1
5,4,11,3,0,9,2,3,0,6,0,80,1,1
6,4,11,3,0,9,2,3,0,6,0,80,1,1
6,4,11,3,0,9,2,3,0,6,0,80,0,1
6,4,11,3,0,8,2,3,0,6,0,80,0,1
5,4,11,3,0,8,2,3,0,6,0,80,0,1
5,4,11,3,0,8,2,4,0,6,0,80,0,1
5,4,11,3,0,8,1,4,0,6,0,80,0,1
4,4,11,3,0,8,1,4,0,6,0,80,0,1
4,3,11,3,0,8,1,4,0,6,0,80,0,1
4,3,11,3,0,7,1,4,0,6,0,80,0,1
4,3,11,3,0,7,0,4,0,6,0,80,0,1
4,3,11,2,0,7,0,4,0,6,0,80,0,1
4,3,10,2,0,7,0,4,0,6,0,80,0,1
4,3,10,1,0,7,0,4,0,6,0,80,0,1
4,4,10,1,0,7,0,4,0,6,0,80,0,1
4,4,9,1,0,7,0,4,0,6,0,80,0,1
4,4,9,1,0,7,0,4,0,6,0,79,0,1
4,4,10,1,0,7,0,4,0,6,0,79,0,1
4,4,11,1,0,7,0,4,0,6,0,80,0,1
4,4,10,1,0,7,0,3,0,6,0,80,0,1
4,4,10,1,0,7,0,3,0,6,1,80,0,1
4,4,10,1,0,7,0,3,0,6,1,81,0,1
4,4,11,1,0,7,0,3,0,6,1,80,0,1
4,4,11,1,0,7,0,3,0,6,1,80,1,1
4,4,11,1,0,7,0,3,0,6,1,79,1,1
4,4,11,1,0,7,0,3,0,6,1,79,0,1
4,4,11,1,0,7,1,3,0,6,1,79,0,1
4,4,11,1,0,7,1,4,0,6,1,79,0,1
4,4,11,1,0,7,1,3,0,6,1,80,0,1
4,4,11,1,0,7,1,4,0,6,1,80,0,1
4,4,11,1,0,7,1,4,0,5,1,80,0,1
4,4,11,1,0,7,1,4,0,5,1,79,0,1
4,4,11,1,0,7,2,4,0,5,1,79,0,1
5,4,11,1,0,7,2,4,0,5,1,79,0,1
5,4,11,1,0,7,2,4,0,4,1,79,0,1
6,4,11,1,0,7,2,4,0,4,1,79,0,1
6,4,11,1,0,7,2,4,0,5,1,79,0,1
7,4,11,1,0,7,2,4,0,5,1,79,0,1
7,4,9,1,0,7,2,3,0,5,1,79,0,1
7,4,9,1,0,7,3,3,0,5,1,79,0,1
8,4,9,1,0,7,3,3,0,5,1,79,0,1
8,4,9,1,0,7,3,2,0,5,1,79,0,1
9,4,9,1,0,7,3,2,0,5,1,79,0,1
9,3,9,1,0,7,3,2,0,5,1,79,0,1
9,3,9,1,0,7,3,2,0,5,1,78,0,1
9,3,9,1,0,7,3,2,0,5,2,78,0,1
9,3,9,1,0,7,3,2,0,6,2,78,0,1
9,3,9,1,0,7,3,2,0,6,1,78,0,1
9,3,10,1,0,7,3,2,0,6,1,78,0,1
8,3,10,1,0,7,3,2,0,6,1,78,0,1
