0,33,4,2,42,2,2,1,0,0,4,2,23,2,1,2,2,1,0,0,1
2,24,4,2,36,4,4,4,0,1,4,3,20,2,0,2,2,1,0,0,0
0,24,2,9,65,0,2,2,0,0,2,2,21,1,1,1,1,1,0,0,0
1,12,2,3,15,0,1,1,0,0,1,0,23,2,0,1,2,1,0,0,1
1,12,2,1,20,4,2,4,0,0,2,2,30,2,1,1,2,1,0,0,1
1,6,1,0,9,1,1,1,0,0,1,1,32,1,1,1,1,1,0,0,1
0,36,2,1,54,0,4,2,0,0,4,3,42,2,2,1,2,2,0,0,0
1,21,2,9,11,0,4,2,0,0,4,1,39,2,1,1,2,2,0,0,0
0,12,2,2,12,4,4,2,0,0,4,1,49,2,1,1,1,1,1,0,1
0,12,4,0,21,0,2,4,0,0,2,1,30,2,1,2,2,1,0,0,0
0,33,4,2,42,2,2,1,0,0,4,2,23,2,1,1,2,1,0,0,1
0,33,4,2,42,2,2,1,0,0,4,3,23,2,1,1,2,1,0,0,1
0,33,4,2,42,2,2,1,0,0,3,2,23,2,1,1,2,1,0,0,-1
0,33,4,2,42,2,2,1,0,0,2,2,23,2,1,1,2,1,0,0,-1
0,33,4,1,42,2,2,1,0,0,2,2,23,2,1,1,2,1,0,0,-1
0,33,4,0,42,2,2,1,0,0,2,2,23,2,1,1,2,1,0,0,-1
0,33,4,0,42,2,2,1,0,0,2,2,24,2,1,1,2,1,0,0,-1
0,33,4,0,41,2,2,1,0,0,2,2,24,2,1,1,2,1,0,0,-1
1,26,4,3,39,0,0,4,0,1,4,2,23,2,0,1,2,2,0,1,1
1,26,4,3,39,0,0,4,0,1,4,1,23,2,0,1,2,2,0,1,1
1,26,4,3,39,0,0,4,0,1,4,1,23,2,0,1,2,1,0,1,1
1,26,4,3,39,0,0,4,0,1,4,2,23,2,0,1,2,1,0,1,1
1,26,4,3,39,0,0,4,0,1,4,2,23,2,0,1,2,1,1,1,1
1,27,4,3,39,0,0,4,0,1,4,2,23,2,0,1,2,1,1,1,1
1,27,4,3,39,0,0,4,0,1,4,1,23,2,0,1,2,1,1,1,1
1,27,4,3,38,0,0,4,0,1,4,1,23,2,0,1,2,1,1,1,1
1,27,4,3,37,0,0,4,0,1,4,1,23,2,0,1,2,1,1,1,1
1,27,4,3,38,0,0,4,0,1,4,1,23,2,0,1,2,2,1,1,1
1,27,4,3,38,0,0,4,0,2,4,1,23,2,0,1,2,2,1,1,1
1,27,4,3,38,0,0,4,0,2,4,1,23,2,0,1,3,2,1,1,1
1,27,4,3,38,0,0,4,0,2,4,1,22,2,0,1,3,2,1,1,1
1,27,4,3,38,0,0,4,0,2,4,1,22,2,0,1,2,2,1,1,1
1,27,4,3,37,0,0,4,0,2,4,1,22,2,0,1,2,2,1,1,1
1,27,4,3,37,0,0,4,0,2,4,1,22,2,0,1,2,1,1,1,1
1,27,4,3,38,0,0,4,0,2,4,1,22,2,0,1,2,1,1,1,1
1,27,4,2,38,0,1,3,0,2,4,1,22,2,2,1,2,2,1,1,1
1,27,4,2,38,0,1,3,0,2,4,1,22,2,2,1,2,1,1,1,1
1,28,4,2,38,0,1,3,0,2,4,1,22,2,2,1,2,1,1,1,1
1,28,4,2,38,0,1,3,0,2,3,1,22,2,2,1,2,1,1,1,1
1,28,4,2,38,0,1,3,0,2,3,1,22,2,2,1,3,1,1,1,1
1,28,4,2,38,0,1,3,0,2,3,2,22,2,2,1,3,1,1,1,1
1,28,4,2,37,0,1,3,0,2,3,2,22,2,2,1,3,1,1,1,1
1,28,4,2,37,0,1,3,0,2,3,2,22,2,2,1,2,1,1,1,1
1,28,4,2,36,0,1,3,0,2,3,2,22,2,2,1,3,1,1,1,1
1,29,4,2,36,0,1,3,0,2,3,2,22,2,2,1,3,1,1,1,1
1,28,4,3,35,0,1,4,0,2,3,0,21,2,2,1,3,1,1,1,1
1,27,4,3,35,0,1,4,0,2,3,0,21,2,2,1,3,1,1,1,1
1,27,4,3,35,1,1,4,0,2,3,0,21,2,2,1,3,1,1,1,1
1,27,4,3,35,1,1,4,0,2,3,0,21,2,1,1,3,1,1,1,1
1,27,4,3,34,1,1,4,0,2,3,0,21,2,1,1,3,1,1,1,1
1,27,4,3,34,1,1,4,0,2,3,0,20,2,1,1,3,1,1,1,1
1,27,4,3,34,1,1,4,0,2,4,0,20,2,1,1,3,1,1,1,1
1,27,4,3,34,1,0,4,0,2,4,0,20,2,1,1,3,1,1,1,1
1,26,4,3,34,1,0,4,0,2,4,0,20,2,1,1,3,1,1,1,1
1,26,4,3,34,1,0,4,0,2,4,0,20,2,2,1,3,1,1,1,1
1,26,4,3,34,1,0,4,0,2,3,0,20,2,2,1,3,1,1,1,1
1,26,4,3,34,1,0,4,0,2,2,0,20,2,2,1,3,1,1,1,-1
1,26,4,3,34,1,0,3,0,2,2,0,20,2,2,1,3,1,1,1,-1
1,26,4,3,34,1,0,3,0,2,2,0,20,2,2,2,3,1,1,1,-1
1,26,4,3,34,1,0,3,0,2,2,0,19,2,2,2,3,1,1,1,-1
1,26,4,3,34,1,0,3,0,2,1,0,19,2,2,2,3,1,1,1,-1
1,26,4,3,34,1,0,3,0,2,1,0,20,2,2,2,3,1,1,1,-1
0,24,4,2,34,1,0,3,0,2,2,0,21,1,0,1,2,1,1,1,-1
0,24,4,2,34,1,0,3,0,2,2,0,21,1,0,1,3,1,1,1,-1
0,24,4,2,34,1,0,3,0,1,2,0,21,1,0,1,3,1,1,1,-1
0,24,4,2,34,1,0,3,0,1,2,0,21,1,0,2,3,1,1,1,-1
0,24,4,2,34,1,0,3,0,1,2,0,21,1,0,2,3,2,1,1,-1
0,24,4,2,34,1,0,3,0,1,2,0,21,1,0,3,3,2,1,1,-1
0,24,4,2,33,1,0,3,0,1,2,0,21,1,0,3,3,2,1,1,-1
0,24,4,1,33,1,0,3,0,1,2,0,21,1,0,3,3,2,1,1,-1
0,24,4,1,33,1,0,3,0,0,2,0,21,1,0,3,3,2,1,1,-1
0,24,4,1,33,1,1,3,0,0,2,0,21,1,0,3,3,2,1,1,-1
0,24,3,1,33,1,1,3,0,0,2,0,21,1,0,3,3,2,1,1,-1
0,24,3,1,33,1,1,3,0,0,2,0,22,1,0,3,3,2,1,1,-1
0,24,3,2,33,1,1,3,0,0,2,0,22,1,0,3,3,2,1,1,-1
0,24,3,2,33,1,2,3,0,0,2,0,22,1,0,3,3,2,1,1,-1
0,23,3,2,33,1,2,3,0,0,2,0,22,1,0,3,3,2,1,1,-1
0,23,3,2,33,1,2,3,0,0,3,0,22,1,0,3,3,2,1,1,-1
0,23,3,2,33,1,2,3,0,0,2,0,22,1,0,3,3,1,1,1,-1
0,23,3,2,33,1,1,3,0,0,2,0,22,1,0,3,3,1,1,1,-1
0,23,3,2,33,1,1,3,0,0,2,0,22,0,1,3,3,1,0,1,-1
0,23,3,2,33,1,1,3,0,1,2,0,22,0,1,3,3,1,0,1,-1
0,23,2,2,33,1,1,3,0,1,2,0,22,0,1,3,3,1,0,1,-1
0,23,2,2,33,1,1,3,0,0,2,0,22,0,1,3,3,1,0,1,-1
0,23,2,2,33,1,1,3,0,2,2,0,22,0,1,3,3,1,0,1,-1
0,23,2,2,33,1,1,3,0,2,1,0,22,0,1,3,3,1,0,1,-1
0,24,2,2,33,1,1,3,0,2,1,0,22,0,1,3,3,1,0,1,-1
0,24,2,2,33,1,1,3,0,2,1,0,23,0,1,3,3,1,0,1,-1
0,24,2,3,33,1,1,3,0,2,1,0,23,0,1,3,3,1,0,1,-1
0,24,2,3,33,1,2,3,0,2,1,0,23,0,1,3,3,1,0,1,-1
0,24,2,3,33,1,2,3,0,2,1,0,23,0,1,4,3,1,0,1,-1
0,24,2,3,32,1,2,3,0,2,1,0,23,0,1,4,3,1,0,1,-1
0,24,1,4,32,2,4,4,0,2,1,0,23,0,1,1,2,2,0,1,-1
0,24,1,4,32,2,4,4,0,2,1,0,23,1,1,1,2,2,0,1,-1
0,24,1,5,32,2,4,4,0,2,1,0,23,1,1,1,2,2,0,1,-1
0,24,0,5,32,2,4,4,0,2,1,0,23,1,1,1,2,2,0,1,-1
0,23,0,5,32,2,4,4,0,2,1,0,23,1,1,1,2,2,0,1,-1
0,23,0,5,32,2,4,4,0,2,1,0,23,1,1,1,2,1,0,1,-1
0,23,0,5,32,2,4,4,0,2,1,0,23,0,1,1,2,1,0,1,-1
0,23,0,5,32,2,4,4,0,2,2,0,23,0,1,1,2,1,0,1,-1
0,23,0,5,31,2,4,4,0,2,2,0,23,0,1,1,2,1,0,1,-1
0,23,0,5,31,2,4,4,0,2,3,0,23,0,1,1,2,1,0,1,-1
0,22,0,5,31,2,4,4,0,2,3,0,23,0,1,1,2,1,0,1,-1
0,22,0,5,31,2,4,4,0,2,3,0,23,0,1,2,2,1,0,1,-1
0,22,0,5,31,2,4,4,0,2,3,0,22,0,1,2,2,1,0,1,-1
0,22,0,5,30,2,4,4,0,2,3,0,22,0,1,2,2,1,0,1,-1
0,22,0,5,30,2,4,3,0,2,3,0,22,0,1,2,2,1,0,1,-1
0,22,0,5,30,2,4,3,0,2,3,0,21,0,1,2,2,1,0,1,-1
0,21,0,5,30,2,4,3,0,2,3,0,21,0,1,2,2,1,0,1,-1
0,21,0,5,30,2,4,3,0,2,3,0,21,1,1,2,2,1,0,1,-1
0,21,1,5,30,2,4,3,0,2,3,0,21,1,1,2,2,1,0,1,-1
0,21,1,5,30,2,4,3,0,2,3,0,21,2,1,2,2,1,0,1,-1
0,21,1,5,30,2,4,3,0,2,2,0,21,2,1,2,3,1,0,0,-1
0,21,1,5,30,3,4,3,0,2,2,0,21,2,1,2,3,1,0,0,-1
0,21,1,5,31,3,4,3,0,2,2,0,21,2,1,2,3,1,0,0,-1
0,21,1,5,31,3,4,4,0,2,2,0,21,2,1,2,3,1,0,0,-1
0,21,1,5,31,3,4,4,0,2,2,0,21,2,1,3,3,1,0,0,-1
0,21,1,5,31,3,4,4,0,2,2,0,20,2,1,3,3,1,0,0,-1
0,21,1,5,30,3,4,4,0,2,2,0,20,2,1,3,3,1,0,0,-1
0,21,1,5,30,3,4,3,0,2,2,0,20,2,1,3,3,1,0,0,-1
0,21,1,5,30,3,4,3,0,2,2,0,19,2,1,3,3,1,0,0,-1
0,21,1,5,30,2,4,3,0,2,2,0,19,2,1,3,3,1,0,0,-1
0,21,1,5,30,2,4,3,0,2,2,0,20,2,1,3,3,1,0,0,-1
0,20,1,5,30,2,4,3,0,2,2,0,20,2,1,3,3,1,0,0,-1
0,20,1,5,30,2,4,4,0,2,2,0,20,2,1,3,3,1,0,0,-1
0,22,2,6,29,2,4,2,0,2,2,1,21,1,0,4,3,1,1,0,-1
0,22,2,7,29,2,4,2,0,2,2,1,21,1,0,4,3,1,1,0,-1
0,22,2,7,29,2,4,2,0,2,2,1,21,1,0,3,3,1,1,0,-1
0,22,2,7,29,2,3,2,0,2,2,1,21,1,0,3,3,1,1,0,-1
0,20,3,8,27,2,1,3,0,1,2,1,21,0,0,4,2,1,0,1,1
0,20,3,8,27,2,1,3,0,1,2,1,21,0,1,4,2,1,0,1,1
0,20,3,8,27,2,1,3,0,1,2,1,22,0,1,4,2,1,0,1,1
0,19,3,8,27,2,1,3,0,1,2,1,22,0,1,4,2,1,0,1,1
0,19,3,8,27,2,1,2,0,1,2,1,22,0,1,4,2,1,0,1,1
0,19,3,8,27,2,0,2,0,1,2,1,22,0,1,4,2,1,0,1,1
0,19,3,7,27,2,0,2,0,1,2,1,22,0,1,4,2,1,0,1,1
0,22,3,9,26,1,0,3,0,2,2,0,23,2,0,3,2,2,0,0,-1
0,22,3,9,27,1,0,3,0,2,2,0,23,2,0,3,2,2,0,0,-1
0,22,3,9,26,1,0,3,0,2,2,0,22,2,0,3,2,2,0,0,-1
0,22,3,9,26,1,0,3,0,2,2,0,23,2,0,3,2,2,1,0,-1
0,22,3,9,26,1,0,3,0,2,1,0,23,2,0,3,2,2,1,0,-1
1,24,4,7,23,1,3,3,0,1,2,2,23,2,1,1,3,2,0,1,-1
1,24,4,7,23,1,3,3,0,1,2,2,23,2,1,1,3,2,0,0,-1
1,24,4,7,23,1,3,2,0,1,2,2,23,2,1,1,3,2,0,0,-1
1,24,4,7,23,1,3,2,0,0,2,2,23,2,1,1,3,2,0,0,-1
1,24,4,7,23,1,3,2,0,0,1,2,23,2,1,1,3,2,0,0,-1
1,24,4,7,23,1,3,2,0,0,1,3,23,2,1,1,3,2,0,0,-1
1,24,4,7,23,0,3,2,0,0,1,3,23,2,1,1,3,2,0,0,-1
2,24,4,2,36,4,4,4,0,1,4,2,20,2,0,2,2,1,0,0,-1
2,24,4,2,36,4,4,4,0,1,4,2,20,2,0,1,2,1,0,0,-1
2,24,4,2,36,4,4,4,0,2,4,2,20,2,0,1,2,1,0,0,-1
2,24,4,2,36,4,4,4,0,2,4,2,19,2,0,1,2,1,0,0,-1
2,23,4,2,36,4,4,4,0,2,4,2,19,2,0,1,2,1,0,0,-1
2,24,4,4,38,4,4,4,0,2,4,2,19,1,0,1,2,1,0,0,-1
2,24,4,4,38,3,4,4,0,2,4,2,19,1,0,1,2,1,0,0,-1
2,24,4,4,38,3,4,4,0,2,4,3,19,1,0,1,2,1,0,0,-1
2,23,3,4,37,4,4,4,0,2,3,3,19,1,1,2,3,2,0,0,-1
2,23,3,3,37,4,4,4,0,2,3,3,19,1,1,2,3,2,0,0,-1
2,23,3,3,37,3,4,4,0,2,3,3,19,1,1,2,3,2,0,0,-1
2,23,3,1,35,3,4,4,0,1,4,2,19,2,0,2,3,1,1,0,-1
2,22,3,1,35,3,4,4,0,1,4,2,19,2,0,2,3,1,1,0,-1
2,22,3,1,35,3,4,4,0,1,4,2,19,2,0,1,3,1,1,0,-1
2,22,3,1,34,3,4,4,0,1,4,2,19,2,0,1,3,1,1,0,-1
2,22,4,2,35,3,4,4,0,1,4,2,20,2,0,1,3,2,0,0,-1
2,20,4,3,36,2,4,3,0,2,4,2,19,2,0,2,2,1,0,0,-1
2,20,4,3,36,2,4,3,0,2,4,2,19,2,0,1,2,1,0,0,-1
2,20,4,3,36,2,4,3,0,2,4,2,19,2,1,1,2,1,0,0,-1
2,20,4,3,36,2,3,3,0,2,4,2,19,2,1,1,2,1,0,0,-1
2,20,4,3,36,3,3,3,0,2,4,2,19,2,1,1,2,1,0,0,-1
2,20,4,3,36,3,4,3,0,2,4,2,19,2,1,1,2,1,0,0,-1
2,20,4,1,36,3,4,3,0,2,4,2,19,2,1,1,2,1,0,0,-1
2,20,4,1,36,3,4,3,0,2,4,3,19,2,1,1,2,1,0,0,-1
2,20,4,1,36,3,4,3,0,1,4,3,19,2,1,1,2,1,0,0,-1
2,20,4,1,36,2,4,3,0,1,4,3,19,2,1,1,2,1,0,0,-1
3,22,4,5,37,3,2,4,0,0,4,1,21,2,0,3,2,2,1,0,1
3,22,4,5,37,3,2,4,0,0,4,2,21,2,0,3,2,2,1,0,1
3,22,4,5,36,3,2,4,0,0,4,2,21,2,0,3,2,2,1,0,1
3,22,4,5,36,3,2,4,0,0,4,2,21,2,1,3,2,2,1,0,1
3,22,4,5,36,3,2,4,0,0,4,2,21,2,1,3,2,2,1,1,1
3,22,4,5,36,3,2,4,0,1,4,2,21,2,1,3,2,2,1,1,1
3,22,4,5,36,4,2,4,0,1,4,2,21,2,1,3,2,2,1,1,1
3,22,4,5,36,4,2,4,0,1,4,2,21,2,1,4,2,2,1,1,1
3,22,4,5,36,4,2,4,0,2,4,2,21,2,1,4,2,2,1,1,1
3,22,4,5,36,4,2,4,0,2,4,2,22,2,1,4,2,2,1,1,1
3,23,4,5,36,4,2,4,0,2,4,2,21,2,1,4,2,2,1,1,1
3,23,4,5,36,4,1,4,0,2,4,2,21,2,1,4,2,2,1,1,1
3,23,4,5,36,4,1,3,0,2,4,2,21,2,1,4,2,2,1,1,1
3,23,4,4,36,4,1,3,0,2,4,2,21,2,1,4,2,2,1,1,1
3,23,4,4,36,4,1,4,0,2,4,2,21,2,1,4,2,2,1,1,1
3,23,4,4,36,4,1,4,0,2,4,2,22,2,1,4,2,2,1,1,1
3,23,4,4,36,4,1,4,0,1,4,2,22,2,1,4,2,2,1,1,1
3,23,4,4,36,4,2,4,0,1,4,2,22,2,1,4,2,2,1,1,1
3,23,4,5,36,4,2,4,0,1,4,2,22,2,1,4,2,2,1,1,1
3,23,4,5,36,4,2,4,0,1,4,2,21,2,1,4,2,2,1,1,1
3,23,4,4,36,4,2,4,0,1,4,2,21,2,1,4,2,2,1,1,1
3,23,4,4,36,4,2,4,0,1,4,2,21,2,0,4,2,2,1,1,1
3,23,4,4,36,4,2,4,0,2,4,2,21,2,0,4,2,2,1,1,1
3,23,4,4,36,4,2,4,0,2,4,2,22,2,0,4,2,2,1,1,1
3,23,4,4,36,4,2,4,0,2,4,2,22,2,0,4,3,2,1,1,1
3,22,4,4,36,4,2,4,0,2,4,2,22,2,0,4,3,2,1,1,1
0,25,2,4,34,3,3,4,0,1,4,0,28,0,1,3,3,2,0,0,-1
0,25,2,4,34,3,3,4,0,1,4,0,28,0,1,3,3,2,0,1,-1
0,25,2,4,34,2,3,4,0,1,4,0,28,0,1,3,3,2,0,1,-1
0,25,2,5,34,2,3,4,0,1,4,0,28,0,1,3,3,2,0,1,-1
0,25,2,6,34,1,3,4,0,2,3,0,27,0,0,3,3,2,1,1,-1
0,25,2,6,34,1,2,4,0,2,3,0,27,0,0,3,3,2,1,1,-1
3,22,2,5,34,2,2,4,0,2,4,1,27,1,1,1,3,2,0,0,1
3,22,2,5,34,2,2,4,0,2,4,1,27,2,1,1,3,2,0,0,1
3,22,2,5,34,2,2,3,0,2,4,1,27,2,1,1,3,2,0,0,1
3,22,2,5,34,2,2,3,0,2,4,1,27,2,1,1,3,2,1,0,1
3,22,2,6,34,2,2,3,0,2,4,1,27,2,1,1,3,2,1,0,1
3,22,2,6,34,2,2,3,0,2,4,1,27,2,0,1,3,2,1,0,1
3,22,2,6,34,2,2,3,0,2,4,1,26,2,0,1,3,2,1,0,1
3,22,2,6,34,3,2,3,0,2,4,1,26,2,0,1,3,2,1,0,1
3,22,3,6,34,3,2,3,0,2,4,1,26,2,0,1,3,2,1,0,1
3,22,3,7,34,3,2,3,0,2,4,1,26,2,0,1,3,2,1,0,1
3,22,3,7,34,2,2,3,0,2,4,1,26,2,0,1,3,2,1,0,1
3,22,3,7,34,2,2,3,0,2,4,1,26,1,0,1,3,2,1,0,1
3,22,3,8,34,2,2,3,0,2,4,1,26,1,0,1,3,2,1,0,1
3,22,3,8,34,2,2,3,0,2,4,1,26,2,0,1,3,2,1,0,1
3,22,3,8,34,2,2,3,0,2,4,1,26,2,0,1,3,1,1,0,1
3,22,3,8,34,2,2,2,0,2,4,1,26,2,0,1,3,1,1,0,1
3,22,3,9,34,2,2,2,0,2,4,1,26,2,0,1,3,1,1,0,1
3,22,3,9,34,2,2,3,0,2,4,1,26,2,0,1,3,1,1,0,1
3,22,3,9,34,2,2,3,0,2,4,1,26,2,0,1,2,1,1,0,1
3,22,3,9,34,2,2,3,0,2,4,1,26,1,0,1,2,1,1,0,1
3,22,3,9,34,2,2,3,0,2,4,2,26,1,0,1,2,1,1,0,1
3,22,3,9,34,3,2,3,0,2,4,2,26,1,0,1,2,1,1,0,1
3,22,3,9,34,4,2,3,0,2,4,2,26,1,0,1,2,1,1,0,1
3,22,3,9,34,4,2,3,0,2,4,2,25,1,0,1,2,1,1,0,1
3,22,3,9,34,3,2,3,0,2,4,2,25,1,0,1,2,1,1,0,1
3,22,3,9,34,3,2,3,0,2,4,2,25,1,1,1,2,1,1,0,1
3,22,3,10,34,3,2,3,0,2,4,2,25,1,1,1,2,1,1,0,1
3,22,3,10,34,3,2,3,0,2,4,2,25,1,0,1,2,1,1,0,1
3,22,3,10,34,3,2,3,0,2,4,2,25,0,0,1,2,1,1,0,1
3,22,3,10,34,3,2,3,0,2,4,2,25,0,0,2,2,1,1,0,1
3,22,3,10,34,3,2,3,0,2,4,3,25,0,0,2,2,1,1,0,1
3,22,3,10,34,3,2,3,0,2,4,3,25,0,0,2,3,1,1,0,1
3,22,3,10,34,3,2,3,0,2,4,2,25,0,0,2,3,1,1,0,1
3,20,2,9,34,3,1,4,0,2,2,3,25,1,0,3,3,1,1,1,1
3,20,2,9,34,3,0,4,0,2,2,3,25,1,0,3,3,1,1,1,1
3,20,2,9,34,3,1,4,0,2,2,3,25,0,0,3,3,1,1,1,1
3,20,2,9,34,3,1,4,0,2,2,3,24,0,0,3,3,1,1,1,1
0,24,2,9,65,0,3,2,0,0,2,2,21,1,1,1,1,1,0,0,-1
0,24,2,10,65,0,3,2,0,0,2,2,21,1,1,1,1,1,0,0,-1
0,24,2,10,65,0,4,2,0,0,2,2,21,1,1,1,1,1,0,0,-1
0,24,2,10,65,0,4,2,0,0,2,2,21,1,1,1,0,1,0,0,-1
0,24,2,10,65,0,4,2,0,0,2,2,21,1,2,1,0,1,0,0,-1
0,24,2,10,65,0,3,2,0,0,2,2,21,1,2,1,0,1,0,0,-1
0,23,2,10,65,0,4,2,0,0,2,2,21,1,2,1,0,1,0,0,-1
0,24,2,10,65,0,4,2,0,0,2,2,21,1,2,1,1,1,0,0,-1
0,24,2,10,65,0,4,2,0,0,2,1,21,1,2,1,1,1,0,0,-1
0,25,2,10,65,0,4,2,0,0,2,1,21,1,2,1,1,1,0,0,-1
0,25,2,10,65,0,4,2,0,0,2,1,21,1,2,1,0,1,0,0,-1
0,26,1,9,65,1,4,2,0,0,3,0,22,0,2,1,2,1,1,0,-1
0,26,1,9,65,1,4,2,0,0,3,0,22,0,2,1,2,1,1,1,-1
0,26,1,8,65,1,4,2,0,0,3,0,22,0,2,1,2,1,1,1,-1
0,25,1,8,65,1,4,2,0,0,3,0,22,0,2,1,2,1,1,1,-1
0,24,0,8,65,2,3,2,0,2,3,1,20,0,2,2,0,1,1,1,-1
0,24,0,7,65,2,3,2,0,2,3,1,20,0,2,2,0,1,1,1,-1
0,24,0,8,65,2,3,2,0,2,3,1,20,0,1,2,0,1,1,1,-1
0,24,0,9,65,2,3,2,0,2,3,1,20,0,1,2,0,1,1,1,-1
0,24,1,9,65,2,3,2,0,2,3,1,20,0,1,2,0,1,1,1,-1
0,24,1,9,65,2,3,2,0,2,3,2,20,0,1,2,0,1,1,1,-1
0,24,1,9,65,2,3,2,0,2,3,2,20,0,1,1,0,1,1,1,-1
0,24,1,9,65,2,3,2,0,1,3,2,20,0,1,1,0,1,1,1,-1
0,24,1,9,65,2,3,2,0,1,3,2,20,0,2,1,0,1,1,1,-1
0,24,1,8,65,2,3,2,0,1,3,2,20,0,2,1,0,1,1,1,-1
0,24,1,9,65,2,3,2,0,1,3,1,20,0,1,1,0,1,1,1,-1
0,24,1,9,65,2,3,2,0,1,3,1,20,0,1,1,0,1,0,1,-1
0,24,1,9,65,3,3,2,0,1,3,1,20,0,1,1,0,1,0,1,-1
0,24,1,9,65,3,2,2,0,1,3,1,20,0,1,1,0,1,0,1,-1
0,24,1,9,65,3,2,2,0,1,3,1,20,0,1,1,0,1,1,1,-1
0,24,2,9,65,3,2,2,0,1,3,1,20,0,1,1,0,1,0,1,-1
0,24,2,9,65,3,2,2,0,1,3,1,20,0,1,2,0,1,0,1,-1
0,24,2,9,65,3,2,2,0,1,3,0,20,0,1,2,0,1,0,1,-1
0,24,2,9,65,3,2,2,0,1,3,0,20,0,2,2,0,1,0,1,-1
0,24,2,9,65,3,2,2,0,0,3,0,20,0,2,2,0,1,0,1,-1
0,24,2,9,65,3,2,2,0,0,3,0,20,1,2,2,0,1,0,1,-1
0,24,2,9,65,3,2,2,0,1,3,0,20,1,2,2,0,1,0,1,-1
0,24,2,8,65,3,2,2,0,1,3,0,20,1,2,2,0,1,0,1,-1
0,23,2,8,65,3,2,2,0,1,3,0,20,1,2,2,0,1,0,1,-1
0,23,2,8,65,3,2,2,0,0,3,0,20,1,2,2,0,1,0,1,-1
0,22,2,9,65,3,4,1,0,0,3,0,19,2,2,2,0,1,0,1,-1
0,23,2,9,65,3,4,1,0,0,3,0,19,2,2,2,0,1,0,1,-1
0,24,2,9,65,3,4,1,0,0,3,0,19,2,2,2,0,1,0,1,-1
0,24,2,9,65,4,4,1,0,0,3,0,19,2,2,2,0,1,0,1,-1
0,25,2,9,65,4,4,1,0,0,3,0,19,2,2,2,0,1,0,1,-1
0,25,2,9,65,3,4,1,0,0,3,0,19,2,2,2,0,1,0,1,-1
0,25,2,9,65,3,4,1,0,1,3,0,19,2,2,2,0,1,0,1,-1
0,25,2,9,65,3,4,1,0,1,3,0,19,2,2,2,0,2,0,1,-1
0,25,2,9,65,3,4,1,0,1,3,0,19,1,2,2,0,2,0,1,-1
0,24,2,9,65,3,4,1,0,1,3,0,19,1,2,2,0,2,0,1,-1
0,24,2,9,65,3,4,1,0,1,3,0,19,1,2,2,1,2,0,1,-1
0,24,2,9,65,3,4,1,0,1,3,0,19,1,2,2,1,1,0,1,-1
0,24,2,9,65,4,4,1,0,1,3,0,19,1,2,2,1,1,0,1,-1
0,24,2,9,65,4,4,1,0,1,3,0,19,1,2,2,1,1,1,1,-1
0,24,2,9,65,4,4,1,0,1,3,0,19,1,2,2,0,1,1,1,-1
0,24,2,9,65,4,4,1,0,1,3,0,19,2,2,2,0,1,1,1,-1
0,24,2,9,65,4,4,1,0,1,3,0,19,2,2,1,0,1,1,1,-1
0,23,2,9,65,4,4,1,0,1,3,0,19,2,2,1,0,1,1,1,-1
0,23,2,9,65,4,4,1,0,1,3,0,19,2,2,1,1,1,1,1,-1
0,23,2,9,65,4,4,1,0,0,3,0,19,2,2,1,1,1,1,1,-1
0,24,2,9,65,4,4,1,0,0,3,0,19,2,2,1,1,1,1,1,-1
0,24,2,9,65,4,4,1,0,0,3,0,19,2,2,1,1,2,1,1,-1
0,24,2,9,65,3,4,1,0,0,3,0,19,2,2,1,1,2,1,1,-1
0,24,1,9,65,3,4,1,0,0,3,0,19,2,2,1,1,2,1,1,-1
0,23,1,9,65,3,4,1,0,0,3,0,19,2,2,1,1,2,1,1,-1
0,20,1,6,67,3,3,1,0,1,3,0,21,2,2,1,0,1,0,1,-1
0,20,1,6,67,3,3,1,0,0,3,0,21,2,2,1,0,1,0,1,-1
0,21,1,6,67,3,3,1,0,0,3,0,21,2,2,1,0,1,0,1,-1
0,21,1,6,67,3,3,1,0,0,3,0,21,2,2,1,0,2,0,1,-1
0,21,1,6,67,3,3,1,0,0,3,0,22,2,2,1,0,2,0,1,-1
0,21,1,5,67,3,3,1,0,0,3,0,22,2,2,1,0,2,0,1,-1
0,21,1,5,67,3,3,1,0,0,2,0,22,2,2,1,0,2,0,1,-1
0,21,1,5,67,3,3,1,0,0,2,0,23,2,2,1,0,2,0,1,-1
0,21,1,5,67,3,2,1,0,0,2,0,23,2,2,1,0,2,0,1,-1
0,21,1,5,67,3,2,1,0,0,2,0,23,2,2,1,0,2,1,1,-1
0,21,1,5,67,3,2,1,0,0,2,0,24,2,2,1,0,2,1,1,-1
0,20,1,5,67,3,2,1,0,0,2,0,24,2,2,1,0,2,1,1,-1
0,20,1,5,67,3,1,1,0,0,2,0,24,2,2,1,0,2,1,1,-1
0,20,1,4,67,3,1,1,0,0,2,0,24,2,2,1,0,2,1,1,-1
0,20,1,4,67,4,1,1,0,0,2,0,24,2,2,1,0,2,1,1,-1
0,20,1,4,67,4,1,1,0,0,2,0,24,2,2,1,0,1,1,1,-1
0,20,0,4,67,4,1,1,0,0,2,0,24,2,2,1,0,2,1,1,-1
0,20,0,4,67,4,1,1,0,1,2,0,24,2,2,1,0,2,1,1,-1
0,20,1,4,67,4,1,1,0,1,2,0,24,2,2,1,0,2,1,1,-1
0,20,1,5,67,4,1,1,0,1,2,0,24,2,2,1,0,2,1,1,-1
0,20,1,5,67,4,2,1,0,1,2,0,24,2,2,1,0,2,1,1,-1
0,20,2,5,67,4,2,2,0,1,2,0,24,1,2,1,0,2,1,1,-1
0,20,2,4,67,4,2,2,0,1,2,0,24,1,2,1,0,2,1,1,-1
0,20,2,4,67,4,2,2,0,1,2,1,24,1,2,1,0,2,1,1,-1
0,20,2,5,67,4,2,2,0,1,2,1,24,1,2,1,0,2,1,1,-1
0,20,2,5,67,4,2,2,0,1,2,1,24,1,2,1,0,1,1,1,-1
0,20,2,5,67,4,2,2,0,1,2,1,24,2,2,1,0,1,1,1,-1
0,20,2,5,67,4,2,2,0,1,2,1,24,2,2,1,1,1,1,1,-1
0,20,2,5,66,4,2,2,0,1,2,1,24,2,2,1,1,1,1,1,-1
0,20,2,5,66,4,2,2,0,1,2,1,23,2,2,1,1,1,1,1,-1
0,20,2,5,66,4,2,2,0,1,3,1,23,2,2,1,1,1,1,1,-1
0,19,2,5,66,4,2,2,0,1,3,1,23,2,2,1,1,1,1,1,-1
0,19,2,5,66,4,1,2,0,1,3,1,23,2,2,1,1,1,1,1,-1
0,19,2,5,66,4,1,2,0,1,3,0,23,2,2,1,1,1,1,1,-1
0,19,2,5,66,4,1,2,0,1,3,0,23,1,2,1,1,1,1,1,-1
0,19,2,5,66,4,1,2,0,1,3,1,23,1,2,1,1,1,1,1,-1
0,19,2,4,66,4,1,2,0,1,3,1,23,1,2,1,1,1,1,1,-1
0,18,2,4,66,4,1,2,0,1,3,1,23,1,2,1,1,1,1,1,-1
0,18,2,4,66,4,1,2,0,1,3,1,23,2,2,1,1,1,1,1,-1
0,18,2,5,66,4,2,2,0,2,2,1,23,2,2,2,1,1,0,0,-1
0,18,2,6,66,4,2,2,0,2,2,1,23,2,2,2,1,1,0,0,-1
0,18,2,6,66,4,3,2,0,2,2,1,23,2,2,2,1,1,0,0,-1
0,18,2,6,66,4,3,2,0,2,2,1,23,1,2,2,1,1,0,0,-1
0,18,2,7,66,4,3,2,0,2,2,1,23,1,2,2,1,1,0,0,-1
0,18,2,7,66,4,3,2,0,2,3,1,23,1,2,2,1,1,0,0,-1
0,18,2,7,66,4,3,2,0,2,3,1,23,1,2,2,1,1,1,0,-1
0,18,2,6,66,4,3,2,0,2,3,1,23,1,2,2,1,1,1,0,-1
0,17,2,6,66,4,3,2,0,2,3,1,23,1,2,2,1,1,1,0,-1
0,17,2,6,66,4,3,2,0,2,3,2,23,1,2,2,1,1,1,0,-1
0,17,2,7,66,4,3,2,0,2,3,2,23,1,2,2,1,1,1,0,-1
0,17,2,7,66,3,3,2,0,2,3,2,23,1,2,2,1,1,1,0,-1
2,18,3,7,66,4,3,4,0,2,4,1,22,2,1,2,3,1,0,0,-1
2,18,3,7,66,4,4,4,0,2,4,1,22,2,1,2,3,1,0,0,-1
2,18,3,7,66,4,4,4,0,2,4,1,21,2,1,2,3,1,0,0,-1
2,18,4,7,66,4,4,4,0,2,4,1,21,2,1,2,3,1,0,0,-1
2,18,4,7,66,4,4,4,0,2,4,1,21,1,1,2,3,1,0,0,-1
2,18,4,7,66,4,4,4,0,1,4,1,21,1,1,2,3,1,0,0,-1
2,18,4,8,66,4,4,4,0,1,4,1,21,1,1,2,3,1,0,0,-1
1,14,4,8,65,1,2,4,0,1,4,3,19,2,0,4,2,2,1,0,-1
1,14,4,8,65,1,2,4,0,0,4,3,19,2,0,4,2,2,1,0,-1
1,14,4,8,64,1,2,4,0,0,4,3,19,2,0,4,2,2,1,0,-1
1,14,4,8,64,1,2,4,0,0,4,3,19,2,0,4,3,2,1,0,-1
1,14,4,8,64,1,2,4,0,0,4,3,19,2,0,4,3,2,1,1,-1
1,13,4,8,64,1,2,4,0,0,4,3,19,2,0,4,3,2,1,1,-1
1,13,4,8,64,1,2,4,0,0,4,3,19,1,0,4,3,2,1,1,-1
1,13,4,8,64,1,2,4,0,0,4,3,19,0,0,4,3,2,1,1,-1
1,13,4,8,64,1,2,4,0,0,4,3,20,0,0,4,3,2,1,1,-1
1,13,4,8,64,1,2,4,0,0,4,3,20,0,0,4,3,2,1,0,-1
1,13,4,8,64,1,2,4,0,0,4,3,20,0,0,4,2,2,1,0,-1
1,13,4,8,63,1,2,4,0,0,4,3,20,0,0,4,2,2,1,0,-1
1,13,4,8,63,1,2,4,0,0,4,3,20,1,0,4,2,2,1,0,-1
1,13,4,8,63,1,2,4,0,0,4,3,20,1,0,4,2,2,0,0,-1
1,13,4,8,63,1,2,4,0,0,4,3,19,1,0,4,2,2,0,0,-1
1,13,4,8,63,1,2,4,0,0,4,3,20,1,0,3,2,2,0,0,-1
1,13,4,8,63,1,2,4,0,0,4,2,20,1,0,3,2,2,0,0,-1
1,13,4,8,63,1,2,4,0,0,4,2,20,2,0,3,2,2,0,0,-1
1,13,4,8,63,1,2,4,0,0,4,2,19,2,0,3,2,2,0,0,-1
1,13,4,8,63,1,2,4,0,0,4,2,19,2,0,4,2,2,0,0,-1
2,13,3,7,63,2,2,4,0,0,4,2,19,2,1,2,2,2,0,0,-1
2,13,3,6,63,2,2,4,0,0,4,2,19,2,1,2,2,2,0,0,-1
2,13,3,6,63,2,3,4,0,0,4,2,19,2,1,2,2,2,0,0,-1
2,13,3,6,62,2,3,4,0,0,4,2,19,2,1,2,2,2,0,0,-1
2,13,3,6,62,2,3,4,0,0,4,2,19,2,1,2,3,2,0,0,-1
2,13,3,6,62,2,3,4,0,0,4,2,19,2,1,2,2,1,0,0,-1
2,13,3,6,61,2,3,4,0,0,4,2,19,2,1,2,2,1,0,0,-1
2,13,3,6,61,2,3,4,0,0,4,2,19,2,1,2,2,1,1,0,-1
2,12,3,6,61,2,3,4,0,0,4,2,19,2,1,2,2,1,1,0,-1
2,12,3,7,61,2,3,4,0,0,4,2,19,2,1,2,2,1,1,0,-1
2,12,3,7,61,2,3,4,0,0,4,1,19,2,1,2,2,1,1,0,-1
0,12,3,7,61,2,3,4,0,0,4,1,19,2,1,2,2,1,1,0,1
0,12,3,7,61,2,3,3,0,0,4,1,19,2,1,2,2,1,1,0,1
0,12,3,7,61,2,3,4,0,1,4,1,19,2,1,2,2,1,1,0,1
0,12,2,7,61,2,3,4,0,1,4,1,19,2,1,2,2,1,1,0,1
0,12,2,7,61,2,3,4,0,0,4,1,19,2,1,2,2,1,1,0,1
0,12,2,7,61,2,3,4,0,0,4,1,19,1,1,2,2,1,1,0,1
1,12,2,3,15,0,1,1,0,0,1,0,23,2,0,2,2,1,0,0,1
1,12,2,3,15,0,1,1,0,0,2,0,23,2,0,2,2,1,0,0,1
1,12,2,3,15,0,1,1,0,0,2,0,24,2,0,2,2,1,0,0,1
1,12,2,4,15,0,1,1,0,0,2,0,24,2,0,2,2,1,0,0,1
1,12,2,4,15,0,1,2,0,0,2,0,24,2,0,2,2,1,0,0,1
1,12,2,4,15,0,1,2,0,1,2,0,24,2,0,2,2,1,0,0,1
1,12,2,4,15,0,0,2,0,1,2,0,24,2,0,2,2,1,0,0,1
1,12,2,4,15,0,1,2,0,1,2,0,23,2,0,2,2,1,0,0,1
1,12,2,4,15,0,1,1,0,1,2,0,23,2,0,2,2,1,0,0,1
1,12,3,6,15,0,0,1,0,1,2,1,23,2,0,2,2,1,1,0,1
1,11,3,6,15,0,0,1,0,1,2,1,23,2,0,2,2,1,1,0,1
1,11,2,6,15,0,0,1,0,1,2,1,23,2,0,2,2,1,1,0,1
1,11,2,6,15,0,0,1,0,1,2,1,23,2,0,2,3,1,1,0,1
1,12,2,6,15,0,0,1,0,1,2,1,23,2,0,2,3,1,1,0,1
1,12,2,7,15,0,0,1,0,1,2,1,23,2,0,2,3,1,1,0,1
1,11,2,7,15,0,0,1,0,1,2,1,23,2,0,2,3,1,1,0,1
1,11,2,8,15,0,0,1,0,1,2,1,23,2,0,2,3,1,1,0,1
1,11,2,8,15,0,0,1,0,1,3,1,23,2,0,2,3,1,1,0,1
1,9,2,8,13,1,1,3,0,1,2,0,20,2,1,3,1,2,1,0,-1
1,9,1,8,13,1,1,3,0,1,2,0,20,2,1,3,1,2,1,0,-1
1,9,1,8,13,1,1,3,0,1,2,0,20,2,1,2,1,2,1,0,-1
1,9,1,8,14,1,1,3,0,1,2,0,20,2,1,2,1,2,1,0,-1
1,9,1,8,15,1,1,3,0,1,2,0,20,2,1,2,1,2,1,0,-1
1,9,1,8,15,1,1,3,0,1,2,0,19,2,1,2,1,2,1,0,-1
1,9,2,8,15,1,1,3,0,1,2,0,19,2,1,2,1,2,1,0,-1
1,9,2,7,15,1,1,3,0,1,2,0,19,2,1,2,1,2,1,0,-1
1,9,2,7,15,1,1,3,0,1,2,0,19,2,1,1,1,2,1,0,-1
1,9,2,7,15,1,1,3,0,2,2,0,19,2,1,1,1,2,1,0,-1
1,8,2,7,15,1,1,3,0,2,2,0,19,2,1,1,1,2,1,0,-1
1,8,2,7,15,0,1,3,0,2,2,0,19,2,1,1,1,2,1,0,-1
1,8,2,8,15,1,1,3,0,2,2,0,19,2,1,1,1,2,1,0,-1
0,8,2,8,15,2,1,3,0,2,2,0,19,2,1,1,1,2,1,0,-1
0,8,2,8,15,2,0,3,0,2,2,0,19,2,1,1,1,2,1,0,-1
0,8,2,8,15,2,0,3,0,2,2,0,19,2,1,1,0,2,1,0,-1
0,8,2,8,15,2,0,3,0,2,1,0,19,2,1,2,0,2,1,0,-1
0,8,2,7,15,2,0,3,0,2,1,0,19,2,1,2,0,2,1,0,-1
0,8,2,7,15,2,0,3,0,2,1,0,20,2,1,2,0,2,1,0,-1
0,8,2,7,15,2,0,3,0,2,1,0,20,2,1,2,1,2,1,0,-1
0,8,2,7,15,2,0,3,0,2,1,0,20,1,1,2,1,2,1,0,-1
0,8,2,7,15,2,0,3,0,2,1,0,20,1,1,1,1,2,1,0,-1
0,8,2,7,15,2,1,3,0,2,1,0,20,1,1,1,1,2,1,0,-1
0,8,2,7,15,2,1,3,0,2,1,0,19,1,1,1,1,2,1,0,-1
0,7,2,7,15,2,1,3,0,2,1,0,19,1,1,1,1,2,1,0,-1
0,7,2,7,15,2,1,3,0,2,1,0,19,0,1,1,1,2,1,0,-1
0,7,2,7,14,2,1,3,0,2,1,0,19,0,1,1,1,2,1,0,-1
0,7,2,7,14,2,1,3,0,2,1,0,19,0,1,1,0,2,1,0,-1
0,7,2,7,14,2,1,3,0,2,1,0,19,0,1,1,0,2,0,0,-1
0,7,2,7,14,1,1,3,0,2,1,0,19,0,1,1,0,2,0,0,-1
0,7,2,7,14,1,0,3,0,2,1,0,19,0,1,1,0,2,0,0,-1
0,7,2,7,14,1,0,2,0,2,1,0,19,0,1,1,0,2,0,0,-1
0,7,2,7,14,1,1,2,0,2,1,0,19,0,1,1,0,2,0,0,-1
0,7,3,7,14,1,1,2,0,2,1,0,19,0,1,1,0,2,0,0,-1
0,8,3,7,14,1,1,2,0,2,1,0,19,0,1,1,0,2,0,0,-1
0,8,3,7,14,1,1,2,0,2,1,0,19,0,1,1,1,2,0,0,-1
0,8,3,7,14,1,1,1,0,2,1,0,19,0,1,1,1,2,0,0,-1
0,8,3,8,14,1,1,1,0,2,1,0,19,0,1,1,1,2,0,0,-1
0,8,3,8,14,2,1,1,0,2,1,0,19,0,1,1,1,2,0,0,-1
3,8,4,10,18,0,2,4,0,2,2,1,21,0,1,2,2,2,0,1,1
3,8,4,10,19,0,2,4,0,2,2,1,21,0,1,2,2,2,0,1,1
3,8,4,10,19,0,2,4,0,2,2,2,21,0,1,2,2,2,0,1,1
3,8,4,10,19,0,2,4,0,2,1,2,21,0,1,2,2,2,0,1,1
3,8,4,10,19,0,2,4,0,2,1,2,22,0,1,2,2,2,0,1,1
3,8,4,10,19,0,2,4,0,2,1,2,22,0,1,3,2,2,0,1,1
3,9,4,10,19,0,2,4,0,2,1,2,22,0,1,3,2,2,0,1,1
3,9,4,10,19,0,2,4,0,2,2,2,22,0,1,3,2,2,0,1,1
3,9,4,10,19,0,1,4,0,2,1,2,22,0,1,3,2,2,0,1,1
3,9,4,10,19,0,0,4,0,2,1,2,22,0,1,3,2,2,0,1,1
3,9,4,10,19,0,0,4,0,2,1,2,22,0,1,3,1,2,0,1,1
3,9,4,10,19,0,0,4,0,2,1,2,22,0,1,3,1,2,1,1,1
3,8,4,10,19,0,0,4,0,2,2,1,22,0,1,4,1,2,1,1,1
3,8,4,10,19,0,0,4,0,2,3,1,22,0,1,4,1,2,1,1,1
3,8,4,10,19,0,0,4,0,2,3,1,22,0,1,3,1,2,1,1,1
3,8,4,10,19,0,0,4,0,2,3,1,22,0,0,3,1,2,1,1,1
3,8,4,10,19,0,0,4,0,2,3,1,22,0,0,3,0,2,1,1,1
3,8,4,10,19,0,0,4,0,2,2,1,22,0,0,3,1,2,1,1,1
3,8,4,10,19,0,0,4,0,2,2,1,22,0,1,3,1,2,1,1,1
3,8,4,10,19,0,0,4,0,2,2,1,22,0,1,3,2,2,1,1,1
3,8,4,10,19,0,0,4,0,2,2,1,22,0,1,3,3,2,1,1,1
3,8,4,10,19,0,0,4,0,2,2,2,22,0,1,3,3,2,1,1,1
3,9,3,10,18,1,0,4,0,2,2,2,22,0,1,3,3,2,1,1,1
3,9,3,10,18,1,0,3,0,2,2,2,22,0,1,3,3,2,1,1,1
3,9,3,10,18,1,0,2,0,2,2,2,22,0,1,3,3,2,1,1,1
3,9,3,10,18,1,0,2,0,2,2,2,22,0,1,4,3,2,1,1,1
3,9,3,10,18,1,0,2,0,2,2,2,22,1,1,4,3,2,1,1,1
3,9,3,10,18,1,0,2,0,2,2,2,22,1,1,4,2,2,1,1,1
3,9,3,10,18,1,0,2,0,2,2,2,22,2,1,4,2,2,1,1,1
3,9,3,10,17,1,0,2,0,2,2,2,22,2,1,4,2,2,1,1,1
3,9,3,10,17,1,0,2,0,2,2,2,22,2,0,4,2,2,1,1,1
3,9,3,10,17,0,0,2,0,2,2,2,22,2,0,4,2,2,1,1,1
3,9,3,10,17,0,0,1,0,2,2,2,22,2,0,4,2,2,1,1,1
3,9,3,10,17,0,0,2,0,2,2,3,22,2,0,4,2,2,1,1,1
3,9,3,10,17,0,1,2,0,2,2,3,22,2,0,4,2,2,1,1,1
3,9,3,10,17,1,1,2,0,2,2,3,22,2,0,4,2,2,1,1,1
3,9,3,10,16,1,1,2,0,2,2,3,22,2,0,4,2,2,1,1,1
3,9,3,10,16,1,1,2,0,2,2,3,22,2,0,4,2,2,0,1,1
3,9,3,10,17,1,1,2,0,2,2,3,22,2,0,4,2,2,0,1,1
3,9,3,10,17,1,0,2,0,2,2,3,22,2,0,4,2,2,0,1,1
3,9,3,10,17,1,0,2,0,2,2,3,22,2,0,4,1,2,0,1,1
3,9,3,10,17,1,1,2,0,2,2,3,22,2,0,4,1,2,0,1,1
3,9,3,10,17,2,1,2,0,2,2,3,22,2,0,4,1,2,0,1,1
3,9,3,10,17,1,1,2,0,2,3,3,22,2,0,4,1,2,0,1,1
0,12,2,1,20,4,2,4,0,0,2,2,30,2,1,1,2,1,0,0,1
0,11,2,1,20,4,2,4,0,0,2,2,30,2,1,1,2,1,0,0,1
0,11,2,1,21,4,2,4,0,0,2,2,30,2,1,1,2,1,0,0,1
0,11,2,1,21,4,2,4,0,1,2,2,30,2,1,1,2,1,0,0,1
0,11,2,1,21,4,2,4,0,1,3,2,30,2,1,1,2,1,0,0,1
1,11,0,2,20,0,0,2,0,1,4,2,30,2,1,2,2,2,1,0,-1
1,11,0,2,20,0,0,3,0,1,4,2,30,2,1,2,2,2,1,0,-1
1,11,1,2,20,0,0,3,0,1,4,2,30,2,1,2,2,2,1,0,-1
1,11,1,2,20,0,0,3,0,1,4,2,30,1,1,2,2,2,1,0,-1
1,11,0,3,20,0,0,3,0,1,4,2,30,1,1,2,3,2,1,0,-1
1,11,0,3,20,0,0,3,0,1,4,3,30,1,1,2,3,2,1,0,-1
1,11,0,3,20,2,0,3,0,1,4,3,30,1,1,2,3,2,1,0,-1
1,11,0,3,19,2,0,3,0,1,4,3,30,1,1,2,3,2,1,0,-1
1,10,4,4,20,2,1,2,0,2,1,2,32,1,0,2,1,1,1,0,-1
1,10,4,4,20,3,1,2,0,2,1,2,32,1,0,2,1,1,1,0,-1
1,10,4,4,20,4,1,2,0,2,1,2,32,1,0,2,1,1,1,0,-1
1,10,4,4,20,4,1,1,0,2,1,2,32,1,0,2,1,1,1,0,-1
1,10,4,4,20,4,0,1,0,2,1,2,32,1,0,2,1,1,1,0,-1
1,10,4,4,20,4,0,1,0,2,1,2,33,1,0,2,1,1,1,0,-1
1,10,4,4,20,3,0,1,0,2,1,2,33,1,0,2,1,1,1,0,-1
1,10,4,4,20,3,0,2,0,2,1,2,33,1,0,2,1,1,1,0,-1
1,10,4,4,20,3,0,2,0,2,1,2,33,1,0,2,0,1,1,0,-1
1,10,4,4,20,3,0,2,0,2,1,2,33,0,0,2,0,1,1,0,-1
1,9,4,4,20,3,0,2,0,2,1,2,33,0,0,2,0,1,1,0,-1
1,9,4,4,20,3,0,2,0,2,1,2,33,1,0,2,0,1,1,0,-1
1,9,4,4,20,3,0,2,0,2,1,2,33,1,0,2,1,1,1,0,-1
1,8,4,4,20,3,0,2,0,2,1,2,33,1,0,2,1,1,1,0,-1
1,6,2,4,20,1,2,2,0,1,3,1,31,2,2,3,2,1,0,1,-1
1,6,2,3,20,1,2,2,0,1,3,1,31,2,2,3,2,1,0,1,-1
1,6,3,4,20,1,1,2,0,1,3,1,31,2,2,3,2,1,1,1,-1
1,6,3,4,20,1,1,1,0,1,3,1,31,2,2,3,2,1,1,1,-1
1,6,3,4,20,1,1,1,0,1,3,1,31,1,2,3,2,1,1,1,-1
1,6,3,4,19,1,1,1,0,1,3,1,31,1,2,3,2,1,1,1,-1
1,6,3,4,19,1,1,1,0,1,3,1,31,1,2,4,2,1,1,1,-1
3,8,2,4,19,0,2,2,0,2,3,2,32,0,0,4,2,2,0,0,1
3,8,3,4,19,0,2,2,0,2,3,2,32,0,0,4,2,2,0,0,1
3,8,3,4,19,0,1,2,0,2,3,2,32,0,0,4,2,2,0,0,1
3,8,3,4,19,0,1,2,0,2,3,1,32,0,0,4,2,2,0,0,1
3,8,2,4,19,0,1,2,0,2,3,1,32,0,0,4,2,2,0,0,1
3,7,3,4,19,0,1,2,0,2,3,1,32,0,0,4,2,2,0,0,1
3,7,3,4,20,0,1,2,0,2,3,1,32,0,0,4,2,2,0,0,1
3,7,3,4,20,0,1,2,0,2,3,1,32,0,0,4,2,2,0,1,1
3,7,3,4,20,0,1,1,0,2,3,1,32,0,0,4,2,2,0,1,1
3,7,3,4,19,0,1,2,0,2,3,1,32,0,0,4,2,2,0,1,1
3,7,3,4,19,0,1,2,0,2,3,1,32,0,0,4,3,2,0,1,1
3,7,3,4,19,0,1,2,0,2,4,1,32,0,0,4,3,2,0,1,1
3,7,3,4,19,0,1,2,0,2,4,1,32,0,0,4,3,2,0,0,1
3,7,3,5,19,0,1,2,0,2,4,1,32,0,0,4,3,2,0,1,1
3,7,3,5,19,0,1,2,0,2,4,1,32,0,0,4,3,2,0,0,1
3,7,3,6,19,0,1,2,0,2,4,1,32,0,0,4,3,2,0,1,1
3,7,3,6,19,0,1,2,0,2,4,2,32,0,0,4,3,2,0,1,1
3,7,3,6,19,0,1,2,0,1,4,2,32,0,0,4,3,2,0,1,1
3,7,3,6,19,0,2,2,0,1,4,2,32,0,0,4,3,2,0,1,1
3,7,3,5,19,0,2,2,0,1,4,2,32,0,0,4,3,2,0,1,1
3,7,3,5,19,0,2,2,0,1,4,2,33,0,0,4,3,2,0,1,1
3,7,3,5,19,0,2,3,0,1,4,2,33,0,0,4,3,2,0,1,1
3,7,3,5,19,0,2,3,0,1,3,2,33,0,0,4,3,2,0,1,1
3,8,2,6,20,3,2,3,0,1,4,3,33,0,1,4,3,2,0,0,1
3,8,2,6,20,3,2,3,0,1,3,3,33,0,1,4,3,2,0,0,1
3,8,3,6,20,3,2,3,0,1,3,3,33,0,1,4,3,2,0,0,1
3,8,3,6,20,3,2,3,0,1,3,3,34,0,1,4,3,2,0,0,1
3,8,3,6,20,3,2,3,0,1,3,3,34,0,0,4,3,2,0,0,1
3,8,3,5,20,3,2,3,0,1,3,3,34,0,0,4,3,2,0,0,1
3,8,3,5,20,4,2,3,0,1,3,3,34,0,0,4,3,2,0,0,1
3,9,3,5,20,4,2,3,0,1,3,3,34,0,0,4,3,2,0,0,1
3,9,3,5,20,4,2,3,0,1,3,3,34,0,0,4,3,2,0,1,1
3,9,3,5,20,4,2,3,0,1,3,3,34,0,1,4,3,2,0,1,1
3,8,3,5,20,4,2,3,0,1,3,3,34,0,1,4,3,2,0,1,1
3,8,3,4,20,4,2,3,0,1,3,3,34,0,1,4,3,2,0,1,1
3,8,3,4,20,4,1,3,0,1,3,3,34,0,1,4,3,2,0,1,1
3,8,3,4,20,4,1,3,0,1,3,3,34,0,0,4,3,2,0,1,1
3,8,3,4,20,4,1,3,0,1,2,3,34,0,0,4,3,2,0,1,1
3,8,3,4,20,4,1,3,0,1,2,3,34,1,0,4,3,2,0,1,1
2,10,1,4,21,3,3,4,0,1,1,3,38,1,1,3,1,2,0,0,1
2,10,0,4,21,3,3,4,0,1,1,3,38,1,1,3,1,2,0,0,1
2,10,0,4,21,3,4,4,0,1,1,3,38,1,1,3,1,2,0,0,1
3,10,0,5,22,4,3,4,0,0,3,2,39,1,1,3,1,2,0,0,1
3,10,0,5,22,4,2,4,0,0,3,2,39,1,1,3,1,2,0,0,1
3,11,0,5,22,4,2,4,0,0,3,2,39,1,1,3,1,2,0,0,1
0,10,1,6,22,4,1,4,0,0,3,3,41,1,0,3,2,2,1,0,1
0,10,1,5,22,4,1,4,0,0,3,3,41,1,0,3,2,2,1,0,1
0,10,1,5,22,4,1,4,0,0,3,3,42,1,0,3,2,2,1,0,1
0,10,1,5,22,4,1,4,0,0,3,3,42,1,0,2,2,2,1,0,1
0,10,1,5,22,4,1,4,0,0,3,3,42,1,1,2,2,2,1,0,1
0,10,1,5,22,3,1,4,0,0,3,3,42,1,1,2,2,2,1,0,1
0,10,1,5,22,3,1,4,0,0,3,3,42,1,1,3,2,2,1,0,1
0,10,1,4,22,3,1,4,0,0,3,3,42,1,1,3,2,2,1,0,1
0,10,1,4,23,3,1,4,0,0,3,3,42,1,1,3,2,2,1,0,1
0,10,1,4,23,3,1,4,0,0,3,3,42,1,0,3,2,2,1,0,1
0,10,2,4,23,3,1,4,0,0,3,3,42,1,0,3,2,2,1,0,1
0,10,2,4,23,3,1,4,0,1,3,3,42,1,0,3,2,2,1,0,1
0,10,2,4,23,3,0,4,0,1,3,3,42,1,0,3,2,2,1,0,1
0,10,2,4,22,3,0,4,0,1,3,3,42,1,0,3,2,2,1,0,1
0,10,2,4,22,3,0,4,0,1,3,3,41,1,0,3,2,2,1,0,1
0,10,2,4,22,3,0,4,0,1,3,3,41,1,1,3,2,2,1,0,1
0,10,2,4,22,3,0,4,0,1,2,3,41,1,1,3,2,2,1,0,1
0,10,2,4,22,4,0,4,0,1,2,3,41,1,1,3,2,2,1,0,1
0,10,2,4,22,4,0,4,0,1,2,3,40,1,1,3,2,2,1,0,1
0,10,2,5,22,4,0,4,0,1,2,3,40,1,1,3,2,2,1,0,1
0,10,2,5,22,3,0,4,0,1,2,3,40,1,1,3,2,2,1,0,1
0,10,2,5,22,3,0,4,0,1,2,3,40,1,1,4,2,2,1,0,1
0,7,1,1,8,2,1,1,0,0,2,1,32,0,1,1,1,1,0,0,-1
0,7,1,1,8,3,1,1,0,0,2,1,32,0,1,1,1,1,0,0,-1
0,7,1,1,8,3,0,1,0,0,2,1,32,0,1,1,1,1,0,0,-1
0,7,1,1,8,3,0,1,0,0,2,1,32,0,1,1,0,1,0,0,-1
0,7,0,1,8,3,0,1,0,0,2,1,32,0,1,1,0,1,0,0,-1
0,7,0,1,8,3,0,1,0,0,3,1,32,0,1,1,0,1,0,0,-1
0,7,0,1,8,2,0,1,0,0,3,1,32,0,1,1,0,1,0,0,-1
0,7,0,1,8,3,1,1,0,0,3,1,32,0,1,1,0,1,0,0,-1
0,7,0,0,8,3,1,1,0,0,3,1,32,0,1,1,0,1,0,0,-1
0,7,0,0,8,3,1,1,0,0,3,1,32,0,1,1,0,1,0,1,-1
0,7,0,0,9,3,1,1,0,0,3,1,32,0,1,1,0,1,0,1,-1
0,7,0,0,9,3,1,1,0,0,3,1,32,0,1,1,1,1,0,1,-1
0,7,0,0,9,3,1,1,0,1,3,1,32,0,1,1,1,1,0,1,-1
0,7,0,0,9,3,1,1,0,1,3,1,33,0,1,1,1,1,0,1,-1
0,7,0,0,9,3,1,1,0,1,3,1,33,0,0,1,1,1,0,1,-1
0,7,0,0,9,3,1,1,0,1,3,1,33,0,0,1,0,1,0,1,-1
0,7,0,0,9,3,1,1,0,1,3,1,33,0,1,1,0,1,0,1,-1
0,7,0,0,9,3,1,1,0,1,3,2,33,0,1,1,0,1,0,1,-1
0,7,0,0,9,3,1,1,0,1,3,1,33,1,1,1,0,1,0,1,-1
0,7,0,0,9,3,1,1,0,1,3,1,33,1,0,1,0,1,0,1,-1
0,6,0,0,10,3,1,1,0,1,3,1,33,0,0,1,0,1,0,0,-1
0,6,0,0,10,2,1,1,0,1,3,1,33,0,0,1,0,1,0,0,-1
0,6,0,0,10,3,1,1,0,1,3,1,33,0,0,1,0,1,0,1,-1
0,6,0,0,10,3,1,1,0,1,3,1,32,0,0,1,0,1,0,1,-1
0,6,1,0,10,3,1,1,0,1,3,1,32,0,0,1,0,1,0,1,-1
0,7,1,0,10,3,1,1,0,1,3,1,32,0,0,1,0,1,0,1,-1
0,7,1,0,10,3,1,1,0,1,3,1,33,0,0,1,0,1,0,1,-1
0,7,1,0,10,3,1,1,0,1,3,1,33,0,0,1,0,1,0,0,-1
0,7,0,0,10,3,1,1,0,1,3,1,33,0,0,1,0,1,0,0,-1
1,4,0,0,10,4,1,2,0,1,3,1,33,0,1,1,0,1,1,0,1
1,4,0,0,9,4,1,2,0,1,3,1,33,0,1,1,0,1,1,0,1
1,4,0,0,9,4,2,2,0,1,3,1,33,0,1,1,0,1,1,0,1
1,4,0,0,9,4,2,2,0,1,3,1,33,0,1,1,0,1,1,1,1
1,4,1,0,9,4,2,2,0,1,3,1,33,0,1,1,0,1,1,1,1
1,4,1,0,10,4,2,2,0,1,3,1,33,0,1,1,0,1,1,1,1
1,4,2,0,10,4,2,2,0,1,3,1,33,0,1,1,0,1,1,1,1
1,4,2,0,10,4,2,2,0,1,2,1,33,0,1,1,0,1,1,1,1
1,4,2,0,10,4,2,2,0,2,2,1,33,0,1,1,0,1,1,1,1
1,4,2,1,10,4,2,2,0,2,2,1,33,0,1,1,0,1,1,1,1
3,4,2,3,10,4,1,1,0,1,2,1,33,1,1,2,0,2,1,0,1
3,4,2,3,10,4,1,1,0,1,2,1,33,2,1,2,0,2,1,0,1
3,4,2,3,10,4,1,1,0,1,2,1,33,2,1,2,0,2,0,0,1
3,4,2,3,11,4,1,1,0,1,2,1,33,2,1,2,0,2,0,0,1
1,4,1,5,12,4,3,3,0,1,2,1,33,2,0,2,0,2,0,1,-1
1,4,1,5,12,4,3,3,0,1,2,1,34,2,0,2,0,2,0,1,-1
1,4,1,5,12,4,3,3,0,1,2,1,34,2,0,2,0,2,1,1,-1
1,4,1,5,11,4,3,3,0,1,2,1,34,2,0,2,0,2,1,1,-1
1,4,1,6,11,4,3,3,0,1,2,1,34,2,0,2,0,2,1,1,-1
1,4,1,6,11,4,2,3,0,1,2,1,34,2,0,2,0,2,1,1,-1
1,4,0,6,11,4,2,3,0,1,2,1,34,2,0,2,0,2,1,1,-1
1,4,0,5,11,4,2,3,0,1,2,1,34,2,0,2,0,2,1,1,-1
1,4,0,5,11,4,2,3,0,1,2,1,34,2,1,2,0,2,1,1,-1
1,4,0,5,11,4,1,3,0,1,2,1,34,2,1,2,0,2,1,1,-1
1,4,1,5,11,4,1,3,0,1,2,1,34,2,1,2,0,2,1,1,-1
1,4,1,5,11,4,1,3,0,1,2,2,34,2,1,2,0,2,1,1,-1
1,4,1,5,11,4,1,3,0,1,2,3,34,2,1,2,0,2,1,1,-1
1,4,1,5,11,4,0,3,0,1,2,3,34,2,1,2,0,2,1,1,-1
1,4,2,5,11,4,0,3,0,1,2,3,34,2,1,2,0,2,1,1,-1
1,4,3,5,11,4,0,3,0,1,2,3,34,2,1,2,0,2,1,1,-1
1,4,3,5,11,4,0,3,0,2,2,3,34,2,1,2,0,2,1,1,-1
1,4,3,6,11,4,0,3,0,2,2,3,34,2,1,2,0,2,1,1,-1
1,4,3,6,11,4,1,3,0,2,2,3,34,2,1,2,0,2,1,1,-1
1,4,3,6,11,4,1,4,0,2,2,3,34,2,1,2,0,2,1,1,-1
1,4,3,5,11,4,1,4,0,2,2,3,34,2,1,2,0,2,1,1,-1
1,4,2,5,11,4,1,4,0,2,2,3,34,2,1,2,0,2,1,1,-1
1,4,2,5,11,4,1,4,0,2,2,3,34,2,1,2,1,2,1,1,-1
1,4,2,5,11,4,1,4,0,2,2,3,34,2,1,2,1,2,1,0,-1
1,4,2,5,11,4,1,4,0,2,1,3,34,2,1,2,1,2,1,0,-1
1,4,2,5,11,4,1,4,0,2,1,3,34,2,0,2,1,2,1,0,-1
1,4,2,6,11,4,1,4,0,2,1,3,34,2,0,2,1,2,1,0,-1
1,4,2,6,11,4,1,4,0,2,1,3,34,2,1,2,1,2,1,0,-1
1,4,2,6,10,4,1,4,0,2,1,3,34,2,1,2,1,2,1,0,-1
2,4,2,6,10,4,1,4,0,2,1,3,34,2,1,2,1,2,1,0,1
2,4,2,6,10,4,1,4,0,2,1,3,34,2,2,2,1,2,1,0,1
2,4,2,5,10,4,1,4,0,2,1,3,34,2,1,2,1,2,1,0,1
3,4,2,5,10,4,1,4,0,2,1,3,34,1,1,2,1,2,1,0,1
3,5,2,5,10,4,1,4,0,2,1,3,34,1,1,2,1,2,1,0,1
3,6,2,5,10,4,1,4,0,2,1,3,34,1,1,2,1,2,1,0,1
3,6,2,5,10,4,1,4,0,2,1,3,34,1,2,2,1,2,1,0,1
3,6,2,4,10,4,1,4,0,2,1,3,34,1,2,2,1,2,1,0,1
3,7,2,4,10,4,1,4,0,2,1,3,34,1,2,2,1,2,1,0,1
3,6,2,3,10,4,1,4,0,2,1,3,34,1,2,2,1,2,1,0,1
3,6,2,3,10,4,1,4,0,2,1,3,34,0,2,2,1,2,1,0,1
3,6,2,3,10,4,0,4,0,2,1,3,34,0,2,2,1,2,1,0,1
3,6,3,4,9,4,1,1,0,2,1,3,33,0,1,3,1,1,0,1,1
3,6,3,5,9,4,1,1,0,2,1,3,33,0,1,3,1,1,0,1,1
3,6,3,5,9,4,1,1,0,2,1,3,33,0,1,3,1,1,0,0,1
3,6,3,5,9,4,0,1,0,2,1,3,33,0,1,3,1,1,0,0,1
3,6,3,5,9,4,0,1,0,2,1,3,34,0,1,3,1,1,0,0,1
3,6,2,5,9,4,0,1,0,2,1,3,34,0,2,3,1,1,0,0,1
3,6,2,5,9,4,0,1,0,2,1,3,34,0,2,3,1,1,0,1,1
3,6,2,5,9,4,0,1,0,2,1,3,34,0,2,3,0,1,0,1,1
3,6,2,5,9,4,0,1,0,2,1,3,34,0,2,3,0,2,0,1,1
1,10,3,7,9,3,1,2,0,1,2,2,33,1,2,3,0,2,1,1,-1
1,9,3,7,9,3,1,2,0,1,2,2,33,1,0,3,0,2,1,1,-1
1,9,3,7,9,3,0,2,0,1,2,2,33,1,0,3,0,2,1,1,-1
1,9,3,8,9,3,0,2,0,1,2,2,33,1,0,3,0,2,1,1,-1
1,9,3,8,9,3,0,3,0,1,2,2,33,1,0,3,0,2,1,1,-1
1,9,2,9,9,3,0,1,0,1,3,1,33,2,0,3,0,2,1,1,-1
1,9,2,9,9,2,0,1,0,1,3,1,33,2,0,3,0,2,1,1,-1
1,9,2,9,9,2,1,1,0,1,3,1,33,2,0,3,0,2,1,1,-1
1,9,2,9,9,2,2,1,0,1,3,1,33,2,0,3,0,2,1,1,-1
1,9,2,9,9,2,2,1,0,0,3,1,33,2,0,3,0,2,1,1,-1
1,9,2,9,9,2,2,1,0,0,3,1,33,2,0,3,0,2,0,1,-1
1,9,2,9,9,2,2,1,0,0,3,1,33,2,0,3,0,2,0,0,-1
1,9,2,9,9,2,2,1,0,0,3,1,33,2,0,3,0,2,1,0,-1
1,9,2,10,9,2,2,1,0,0,3,1,33,2,0,3,0,2,1,0,-1
1,9,2,10,9,2,2,1,0,0,3,1,33,2,0,3,0,2,1,1,-1
1,9,2,10,9,2,2,1,0,0,3,1,33,2,0,3,0,2,0,1,-1
1,9,2,10,9,2,2,1,0,0,3,1,33,2,0,3,1,2,0,1,-1
1,9,2,10,9,3,2,1,0,0,3,1,33,2,0,3,1,2,0,1,-1
1,9,2,10,9,3,2,1,0,0,3,2,33,2,0,3,1,2,0,1,-1
1,9,2,10,9,3,2,1,0,0,3,2,33,2,1,3,1,2,0,1,-1
3,9,2,10,9,3,2,2,0,0,3,3,32,1,0,3,2,2,1,1,1
3,8,2,10,9,3,2,2,0,0,3,3,32,1,0,3,2,2,1,1,1
3,8,2,10,9,3,2,2,0,0,2,3,32,1,0,3,2,2,1,1,1
3,8,2,10,9,3,2,2,0,0,2,3,31,1,0,3,2,2,1,1,1
3,8,2,9,9,3,2,2,0,0,2,3,31,1,1,3,2,2,1,1,1
3,9,2,9,9,3,2,2,0,0,2,3,31,1,1,3,2,2,1,1,1
3,9,2,9,9,3,2,2,0,0,3,3,31,1,1,3,2,2,1,1,1
3,9,2,9,9,3,2,2,0,0,3,3,31,0,1,3,2,2,1,1,1
3,9,2,9,9,3,2,2,0,0,3,3,31,0,0,3,2,2,1,1,1
3,9,2,9,9,3,2,2,0,0,3,3,32,0,0,3,2,2,1,1,1
3,9,2,9,9,2,2,2,0,0,3,3,32,0,0,3,2,2,1,1,1
3,8,2,9,9,2,2,2,0,0,3,3,32,0,0,3,2,2,1,1,1
3,8,2,9,9,2,2,1,0,0,3,3,32,0,0,3,2,2,1,1,1
3,8,2,9,9,2,2,1,0,0,3,3,32,0,1,3,2,2,1,1,1
3,8,2,9,9,2,1,1,0,0,3,3,32,0,1,3,2,2,1,1,1
3,8,2,9,9,2,1,1,0,0,2,3,32,0,1,3,2,2,1,1,1
3,8,2,9,9,1,1,1,0,0,2,3,32,0,1,3,2,2,1,1,1
3,8,2,9,9,1,1,1,0,0,2,3,32,0,0,3,2,2,1,1,1
3,8,2,9,9,2,1,1,0,0,2,3,32,0,0,3,2,2,1,1,1
3,8,2,9,9,2,1,1,0,0,2,2,32,0,0,3,2,2,1,1,1
3,8,2,9,9,1,1,1,0,0,2,2,32,0,0,3,2,2,1,1,1
3,8,2,9,9,1,2,1,0,0,2,2,32,0,0,3,2,2,1,1,1
3,8,2,9,9,1,2,1,0,0,2,2,32,0,0,3,2,2,1,0,1
3,8,2,9,10,1,2,1,0,0,2,2,32,0,0,3,2,2,1,0,1
3,8,2,9,10,1,2,1,0,0,3,2,32,0,0,3,2,2,1,0,1
3,8,2,9,10,1,2,1,0,0,3,2,31,0,0,3,2,2,1,0,1
3,8,2,9,10,1,2,1,0,0,3,2,31,0,0,4,2,2,1,0,1
3,8,3,9,10,1,2,1,0,0,3,2,31,0,0,4,2,2,1,0,1
3,9,4,10,10,1,2,2,0,0,3,2,31,0,1,4,2,2,1,0,1
3,9,4,10,10,1,2,2,0,0,3,2,31,0,1,3,2,2,1,0,1
3,9,4,10,10,1,1,2,0,0,3,2,31,0,1,3,2,2,1,0,1
3,9,4,9,10,1,1,2,0,0,3,2,31,0,1,3,2,2,1,0,1
3,7,4,10,10,2,1,4,0,0,3,2,32,2,0,4,2,2,1,0,1
3,7,4,10,10,2,1,4,0,0,3,2,32,2,0,4,2,2,1,1,1
3,7,4,10,10,3,1,4,0,0,3,2,32,2,0,4,2,2,1,1,1
3,7,4,10,10,3,1,4,0,0,3,2,32,2,1,4,2,2,1,1,1
3,7,4,10,10,3,2,4,0,0,3,2,32,2,1,4,2,2,1,1,1
3,7,4,10,10,2,2,4,0,0,3,2,32,2,1,4,2,2,1,1,1
3,7,4,10,10,2,2,4,0,0,3,2,32,2,0,4,2,2,1,1,1
3,7,4,10,10,2,2,4,0,0,3,2,32,2,0,3,2,2,1,1,1
3,7,4,10,10,2,2,4,0,1,3,2,32,2,0,3,2,2,1,1,1
3,7,4,10,10,2,2,4,0,1,2,2,32,2,0,3,2,2,1,1,1
0,7,2,9,10,2,2,4,0,1,3,3,32,1,0,3,2,2,1,1,-1
0,7,2,9,10,2,2,4,0,1,3,3,32,2,0,3,2,2,1,1,-1
1,7,2,9,10,2,2,4,0,1,3,3,32,2,0,3,2,2,1,1,-1
1,7,2,9,10,2,2,4,0,1,3,3,32,2,1,3,2,2,1,1,-1
1,7,2,9,10,2,3,4,0,1,3,3,32,2,1,3,2,2,1,1,-1
1,7,2,8,10,2,3,4,0,1,3,3,32,2,1,3,2,2,1,1,-1
1,7,2,8,10,3,3,4,0,1,3,3,32,2,1,3,2,2,1,1,-1
1,7,2,9,11,3,4,2,0,1,2,3,32,0,1,4,2,2,0,0,1
1,7,2,9,11,3,4,2,0,1,2,3,32,0,0,4,2,2,0,0,1
1,7,2,8,11,3,4,2,0,1,2,3,32,0,0,4,2,2,0,0,1
1,7,2,8,11,4,4,2,0,1,2,3,32,0,0,4,2,2,0,0,1
1,7,2,8,11,4,4,2,0,1,2,3,32,0,0,4,2,2,1,0,1
1,7,2,8,11,4,4,1,0,1,2,3,32,0,0,4,2,2,1,0,1
1,7,2,8,11,4,3,1,0,1,2,3,32,0,0,4,2,2,1,0,1
1,7,2,8,11,4,3,1,0,1,2,3,32,0,1,4,2,2,1,0,1
1,4,2,5,7,2,4,4,0,1,2,1,37,0,1,3,0,2,0,0,-1
1,4,2,5,7,2,4,4,0,2,2,1,37,0,1,3,0,2,0,0,-1
1,37,2,1,52,0,3,1,0,2,1,1,43,2,0,4,2,2,1,0,-1
1,37,2,1,52,0,4,1,0,2,1,1,43,2,0,4,2,2,1,0,-1
1,37,2,1,52,0,4,1,0,2,2,1,43,2,0,4,2,2,1,0,-1
1,37,2,1,52,0,4,1,0,2,2,2,43,2,0,4,2,2,1,0,-1
1,36,2,1,52,0,4,1,0,2,2,2,43,2,0,4,2,2,1,0,-1
1,36,3,1,52,0,4,1,0,2,2,2,43,2,0,4,2,2,1,0,-1
1,36,3,1,52,0,4,1,0,2,2,2,42,2,0,4,2,2,1,0,-1
1,36,3,1,52,0,4,1,0,2,2,2,42,2,0,4,2,2,1,1,-1
1,36,3,2,52,0,4,1,0,2,2,2,42,2,0,4,2,2,1,1,-1
1,36,3,2,52,0,4,1,0,2,2,2,42,2,0,4,2,2,1,0,-1
1,36,3,3,52,0,4,1,0,2,2,2,42,2,0,4,2,2,1,0,-1
1,36,3,4,52,0,4,1,0,2,2,2,42,2,0,4,2,2,1,0,-1
1,36,3,4,52,0,4,1,0,2,2,2,42,2,0,4,2,2,1,1,-1
1,36,3,4,52,0,4,2,0,2,2,2,42,2,0,4,2,2,1,1,-1
0,36,3,4,52,0,4,2,0,2,2,2,42,2,0,4,2,2,1,1,-1
0,36,3,4,52,1,4,2,0,2,2,2,42,2,0,4,2,2,1,1,-1
0,36,3,5,52,1,4,2,0,2,2,2,42,2,0,4,2,2,1,1,-1
0,36,2,5,52,1,4,2,0,2,2,2,42,2,0,4,2,2,1,1,-1
0,36,2,4,52,1,4,2,0,2,2,2,42,2,0,4,2,2,1,1,-1
0,36,1,4,52,1,4,2,0,2,2,2,42,2,0,4,2,2,1,1,-1
0,36,1,4,52,1,4,2,0,2,2,2,43,2,0,4,2,2,1,1,-1
1,36,1,4,52,1,4,2,0,2,2,2,43,2,0,4,2,2,1,1,-1
1,35,4,8,54,0,3,2,0,0,2,0,41,2,2,2,3,2,0,0,-1
0,35,4,8,54,0,3,2,0,0,2,0,41,2,2,2,3,2,0,0,-1
0,35,4,7,54,0,3,2,0,0,2,0,41,2,2,2,3,2,0,0,-1
0,34,4,7,54,0,3,2,0,0,2,0,41,2,2,2,3,2,0,0,-1
0,34,4,7,54,0,3,2,0,0,2,0,41,2,1,2,3,2,0,0,-1
0,34,4,7,54,0,3,3,0,0,2,0,41,2,1,2,3,2,0,0,-1
0,34,4,7,54,0,3,4,0,0,2,0,41,2,1,2,3,2,0,0,-1
0,34,4,6,54,0,3,4,0,0,2,0,41,2,1,2,3,2,0,0,-1
0,34,4,6,54,0,3,4,0,0,2,0,41,2,1,2,3,2,1,0,-1
0,34,4,5,54,0,3,4,0,0,2,0,41,2,1,2,3,2,1,0,-1
1,34,4,6,54,0,3,4,0,0,2,0,41,2,1,2,3,2,1,0,-1
1,34,4,6,54,1,3,4,0,0,2,0,41,2,1,2,3,2,1,0,-1
1,34,4,6,54,1,4,4,0,0,2,0,41,2,1,2,3,2,1,0,-1
1,34,4,6,54,2,4,4,0,0,2,0,41,2,1,2,3,2,1,0,-1
1,34,4,6,54,1,4,4,0,0,2,0,41,2,0,2,3,2,1,0,-1
1,34,4,6,54,1,4,3,0,0,2,0,41,2,0,2,3,2,1,0,-1
1,34,4,7,54,1,4,3,0,0,2,0,41,2,0,2,3,2,1,0,-1
1,34,4,7,54,1,4,3,0,0,2,0,41,2,1,2,3,2,1,0,-1
1,34,4,7,54,1,4,3,0,0,1,0,41,2,1,2,3,2,1,0,-1
1,34,4,7,54,1,4,4,0,0,1,0,41,2,1,2,3,2,1,0,-1
1,34,4,6,54,1,4,4,0,0,1,0,41,2,0,2,3,2,1,0,-1
1,34,4,6,54,1,4,3,0,0,1,0,41,2,0,2,3,2,1,0,-1
1,34,4,7,54,1,4,3,0,0,1,0,41,2,0,2,3,2,1,0,-1
1,34,4,7,54,1,4,4,0,0,1,0,41,2,0,2,3,2,1,0,-1
1,34,4,7,54,0,4,4,0,0,1,0,41,2,0,2,3,2,1,0,-1
1,34,4,7,54,0,4,4,0,0,1,0,41,2,1,2,3,2,1,0,-1
1,34,4,7,54,0,4,3,0,0,1,0,41,2,1,2,3,2,1,0,-1
1,34,4,7,54,0,4,3,0,0,1,0,41,2,0,2,3,2,1,0,-1
1,34,4,7,54,0,4,3,0,0,1,0,41,2,0,2,3,2,0,0,-1
1,34,4,7,54,0,4,3,0,0,1,0,41,2,0,2,2,2,0,0,-1
1,35,4,7,54,0,4,3,0,0,1,0,41,2,0,2,2,2,0,0,-1
1,35,4,7,54,1,4,3,0,0,1,0,41,2,0,2,2,2,0,0,-1
0,35,4,7,54,1,4,3,0,0,1,0,41,2,0,2,2,2,0,0,-1
0,35,4,7,54,1,4,3,0,0,1,0,41,2,1,2,2,2,0,0,-1
0,35,4,7,54,1,4,2,0,0,1,0,41,2,0,2,2,2,0,0,-1
0,35,4,7,54,0,4,2,0,0,1,0,41,2,0,2,2,2,0,0,-1
1,35,4,7,54,0,4,2,0,0,1,0,41,2,0,2,2,2,0,0,-1
1,35,4,7,54,0,4,3,0,0,1,0,40,2,0,2,2,2,0,0,-1
1,35,4,7,54,0,4,3,0,0,1,0,40,2,0,2,2,2,1,0,-1
1,35,4,7,54,0,4,3,0,0,1,0,40,2,0,2,2,2,1,1,-1
1,35,4,7,54,0,4,3,0,0,1,0,40,2,1,2,2,2,1,1,-1
1,35,4,7,54,0,4,2,0,0,1,0,40,2,1,2,2,2,1,1,-1
1,35,4,7,54,0,4,2,0,0,1,0,40,2,0,2,2,2,1,1,-1
1,35,4,7,54,0,4,3,0,0,1,0,40,2,0,2,1,2,1,1,-1
1,35,4,7,53,0,4,3,0,0,1,0,40,2,0,2,1,2,1,1,-1
0,35,4,7,53,0,4,3,0,0,1,0,40,2,0,2,1,2,1,1,-1
0,35,4,7,53,0,4,3,0,0,1,0,40,2,0,3,1,2,1,1,-1
0,35,4,7,53,1,4,3,0,0,1,0,40,2,0,3,1,2,1,1,-1
0,35,4,7,53,1,4,3,0,0,1,0,40,2,0,3,0,2,1,1,-1
1,35,4,7,53,1,4,3,0,0,1,0,40,2,0,3,0,2,1,1,-1
1,35,4,7,53,1,4,3,0,0,1,0,40,2,0,3,0,2,1,0,-1
1,35,4,8,53,1,4,3,0,0,1,0,40,2,0,3,0,2,1,0,-1
1,35,4,8,53,0,4,3,0,0,1,0,40,2,0,3,0,2,1,0,-1
1,35,4,8,53,0,4,3,0,0,1,0,40,2,1,3,0,2,1,0,-1
1,35,4,8,53,0,4,3,0,0,1,0,39,2,1,3,0,2,1,0,-1
1,35,4,9,53,0,4,3,0,0,1,0,39,2,1,3,0,2,1,0,-1
1,35,4,9,53,0,4,3,0,0,1,0,39,2,0,3,0,2,1,0,-1
1,35,4,9,53,0,4,4,0,0,1,0,39,2,0,3,0,2,1,0,-1
1,35,4,9,53,0,3,4,0,0,1,0,39,2,0,3,0,2,1,0,-1
1,35,4,10,53,0,3,4,0,0,1,0,39,2,0,3,0,2,1,0,-1
1,35,4,10,53,0,3,4,0,0,1,0,39,2,0,3,0,2,0,0,-1
1,36,4,10,53,0,3,4,0,0,1,0,39,2,0,3,0,2,0,0,-1
1,36,4,10,53,0,3,4,0,0,1,0,40,2,0,3,0,2,0,0,-1
1,36,4,10,53,0,3,4,0,0,1,0,40,2,1,3,0,2,0,0,-1
1,36,4,10,52,0,3,4,0,0,1,0,40,2,1,3,0,2,0,0,-1
1,36,4,10,52,0,3,4,0,0,1,0,40,2,1,3,0,2,1,0,-1
1,36,4,10,52,0,3,4,0,0,1,0,39,2,1,3,0,2,1,0,-1
1,36,4,9,52,0,3,4,0,0,1,0,39,2,1,3,0,2,1,0,-1
1,36,4,9,52,0,3,4,0,0,1,0,39,2,0,3,0,2,1,0,-1
1,36,4,9,52,0,3,4,0,0,1,0,39,2,0,2,0,2,1,0,-1
1,21,2,9,11,0,4,2,0,0,4,1,39,2,1,1,2,1,0,0,-1
1,21,2,9,11,0,4,2,0,0,4,1,39,2,1,1,2,1,0,1,-1
1,21,2,8,11,0,4,2,0,0,4,1,39,2,1,1,2,1,0,1,-1
1,21,2,8,11,0,4,2,0,0,4,1,39,2,1,1,2,1,0,0,-1
1,21,0,8,11,0,4,3,0,0,4,2,39,2,0,1,2,1,0,0,-1
1,20,0,8,11,0,4,3,0,0,4,2,39,2,0,1,2,1,0,0,-1
1,21,1,8,11,0,4,3,0,0,4,2,39,2,0,1,2,1,0,0,-1
1,21,1,8,10,0,4,3,0,0,4,2,39,2,0,1,2,1,0,0,-1
1,21,0,8,10,0,4,3,0,0,4,2,39,2,0,1,2,1,0,0,-1
1,21,0,8,10,0,4,3,0,1,4,2,39,2,0,1,2,1,0,0,-1
1,21,0,8,10,0,4,2,0,1,4,2,39,2,0,1,2,1,0,0,-1
1,21,0,8,10,0,4,2,0,1,4,2,39,2,0,1,2,1,1,0,-1
1,21,0,8,10,0,4,2,0,1,3,2,39,2,0,1,2,1,1,0,-1
1,21,0,8,10,0,4,2,0,1,3,1,39,2,0,1,2,1,1,0,-1
1,21,0,8,10,0,4,2,0,1,3,1,39,2,0,1,2,1,0,0,-1
1,21,0,8,10,0,4,3,0,1,3,1,39,2,0,1,1,1,0,1,-1
1,21,0,9,10,0,4,3,0,1,3,1,39,2,0,1,1,1,0,1,-1
1,21,0,10,10,0,4,3,0,1,3,1,39,2,0,1,1,1,0,1,-1
1,21,0,9,10,0,3,3,0,1,3,1,39,2,0,1,1,1,0,1,-1
1,21,0,9,10,0,3,3,0,1,3,1,39,2,1,1,1,1,0,1,-1
1,21,0,9,10,0,3,3,0,1,3,1,39,2,2,1,1,1,0,1,-1
1,21,0,9,10,0,3,3,0,2,3,1,39,2,2,1,1,1,0,1,-1
2,21,0,10,10,0,3,4,0,2,3,1,39,1,1,1,1,1,0,0,1
2,21,0,10,10,0,3,4,0,2,2,1,39,1,1,1,1,1,0,0,1
2,21,0,10,10,0,3,4,0,2,2,1,39,1,1,1,2,1,0,0,1
2,21,0,9,10,0,3,4,0,2,2,1,39,1,1,1,1,1,0,0,1
3,21,0,9,10,1,3,4,0,2,2,1,39,1,1,1,1,1,0,0,1
3,21,0,9,10,1,3,4,0,1,2,1,39,1,1,1,1,1,0,0,1
3,21,0,9,10,2,3,4,0,1,2,1,39,1,1,1,1,1,0,0,1
3,21,1,9,10,2,3,4,0,1,2,1,39,1,1,1,1,1,0,0,1
3,21,1,9,10,2,3,4,0,1,2,1,39,1,2,1,1,1,0,0,1
3,21,1,9,9,2,3,4,0,1,2,1,39,1,2,1,1,1,0,0,1
3,21,1,9,9,2,3,4,0,2,2,1,39,1,2,1,1,1,0,0,1
2,21,1,9,9,2,3,4,0,2,2,1,39,1,2,1,1,1,0,0,1
3,21,1,9,9,2,3,4,0,2,2,1,39,1,2,1,1,1,1,0,1
3,22,1,9,9,2,3,4,0,2,2,1,39,1,2,1,1,1,1,0,1
3,22,1,9,9,2,3,4,0,2,2,1,39,1,2,1,0,1,1,0,1
3,22,1,8,9,2,3,4,0,2,2,1,39,1,2,1,0,1,1,0,1
3,22,1,8,9,2,3,4,0,2,1,1,39,1,2,1,0,1,1,0,1
3,22,1,8,9,2,4,4,0,2,1,1,39,1,2,1,0,1,1,0,1
3,22,1,7,9,2,4,4,0,2,1,1,39,1,2,1,0,1,1,0,1
3,22,1,7,9,2,4,4,0,2,1,1,39,1,2,1,1,1,1,0,1
3,22,1,6,9,2,4,4,0,2,1,1,39,1,2,1,1,1,1,0,1
3,22,1,5,9,2,4,4,0,2,1,1,39,1,2,1,1,1,1,0,1
3,22,0,5,9,2,4,4,0,2,1,1,39,1,2,1,1,1,1,0,1
1,27,1,5,11,2,4,2,0,1,1,1,39,2,0,4,2,2,0,0,-1
1,27,1,6,11,2,4,2,0,1,1,1,39,2,0,4,2,2,0,0,-1
1,27,1,6,11,2,4,2,0,1,1,1,39,2,0,4,2,2,0,1,-1
1,27,1,6,11,3,4,2,0,1,1,1,39,2,0,4,2,2,0,1,-1
1,27,1,6,11,3,4,2,0,1,1,1,39,2,0,4,3,2,0,1,-1
1,27,1,6,11,3,4,3,0,1,1,1,39,2,0,4,3,2,0,1,-1
1,28,1,6,11,3,4,3,0,1,1,1,39,2,0,4,3,2,0,1,-1
1,28,2,6,11,3,4,3,0,1,1,1,39,2,0,4,3,2,0,1,-1
1,28,2,6,11,3,4,3,0,1,1,1,39,2,1,4,3,2,0,1,-1
1,29,3,7,11,3,4,3,0,1,1,1,39,2,0,4,3,2,1,1,-1
1,29,3,7,11,3,4,3,0,1,1,1,39,2,0,4,3,2,0,1,-1
1,30,3,7,11,3,4,3,0,1,1,1,39,2,0,4,3,2,0,1,-1
1,30,3,7,11,2,4,3,0,1,1,1,39,2,0,4,3,2,0,1,-1
1,30,3,7,11,1,4,3,0,1,1,1,39,2,0,4,3,2,0,1,-1
1,30,3,7,11,1,4,3,0,1,1,1,39,2,1,4,3,2,0,1,-1
1,30,3,7,11,1,4,3,0,1,1,1,39,2,1,4,2,2,0,1,-1
1,30,3,7,11,2,4,3,0,1,1,1,39,2,1,4,2,2,0,1,-1
1,30,3,7,11,2,4,2,0,1,1,1,39,2,1,4,2,2,0,1,-1
1,30,3,7,11,2,4,2,0,1,1,1,40,2,1,4,2,2,0,1,-1
1,30,3,7,11,2,4,3,0,1,1,1,40,2,1,4,2,2,0,1,-1
1,30,3,7,11,2,4,3,0,1,1,1,40,2,1,4,2,2,0,0,-1
1,30,4,7,11,2,4,3,0,1,1,1,40,2,1,4,2,2,0,0,-1
1,30,3,7,10,2,4,3,0,1,1,1,40,2,1,4,2,2,0,0,-1
1,30,3,7,10,2,4,3,0,1,1,1,40,2,1,4,2,2,0,1,-1
1,30,3,6,10,2,4,3,0,1,1,1,40,2,1,4,2,2,0,1,-1
1,30,3,6,10,2,4,2,0,1,1,1,40,2,1,4,2,2,0,1,-1
1,30,3,7,10,2,4,2,0,1,1,1,40,2,1,4,2,2,0,1,-1
1,30,3,7,10,2,4,2,0,1,1,1,40,2,0,4,2,2,0,1,-1
1,30,3,7,10,2,4,2,0,1,1,1,40,2,0,4,2,2,1,1,-1
1,30,3,7,10,2,4,2,0,1,1,1,40,2,1,4,2,2,1,1,-1
1,30,3,7,10,2,4,3,0,1,1,1,40,2,1,4,2,2,1,1,-1
1,30,3,7,10,2,4,3,0,1,1,1,40,2,1,4,3,2,1,1,-1
1,30,3,7,10,2,4,3,0,1,1,1,40,2,0,4,3,2,1,1,-1
1,30,3,7,10,2,4,3,0,1,1,1,40,2,0,4,3,2,1,0,-1
1,30,3,7,10,2,4,3,0,1,1,1,40,2,0,4,2,2,1,0,-1
1,30,3,7,10,2,4,3,0,1,1,1,40,2,1,4,2,2,1,0,-1
2,14,3,1,13,4,4,2,0,0,3,0,49,2,1,1,2,1,1,0,-1
2,14,3,1,13,4,4,2,0,0,3,0,49,2,1,2,2,1,1,0,-1
3,14,3,1,13,4,4,2,0,0,3,0,49,2,1,2,2,1,1,0,-1
1,14,3,1,13,4,4,2,0,0,3,0,49,2,1,2,2,1,1,0,-1
1,14,2,1,13,4,4,3,0,0,3,0,49,2,0,2,2,1,1,0,-1
1,13,2,1,13,4,4,3,0,0,3,0,49,2,0,2,2,1,1,0,-1
0,13,2,1,13,4,4,3,0,0,3,0,49,2,0,2,2,1,1,0,-1
0,13,1,1,13,4,4,3,0,0,3,0,49,2,0,2,2,1,1,0,-1
0,13,1,1,13,4,4,4,0,0,3,0,49,2,0,2,2,1,1,0,-1
0,13,1,0,13,4,4,4,0,0,3,0,49,2,0,2,2,1,1,0,-1
0,13,1,0,13,4,4,4,0,0,3,0,49,2,1,2,2,1,1,0,-1
0,13,1,0,13,4,4,4,0,0,3,0,49,2,1,2,2,2,1,0,-1
0,13,1,0,13,4,4,4,0,0,3,0,49,2,1,1,2,2,1,0,-1
0,13,1,0,13,4,4,4,0,0,4,0,49,2,1,1,2,2,1,0,-1
0,13,1,0,13,4,4,4,0,0,4,0,49,2,1,1,2,2,0,0,-1
0,14,1,0,13,4,4,4,0,0,4,0,49,2,1,1,2,2,0,0,-1
0,14,1,0,13,4,4,4,0,0,4,0,50,2,1,1,2,2,0,0,-1
0,14,1,0,13,4,4,4,0,0,3,0,50,2,1,1,2,2,0,0,-1
3,17,0,5,14,1,4,4,0,0,3,2,50,1,2,1,3,2,0,0,1
3,17,1,5,14,1,4,4,0,0,3,2,50,1,2,1,3,2,0,0,1
3,17,1,5,14,1,4,4,0,0,4,2,50,1,2,1,3,2,0,0,1
3,17,1,6,14,1,4,4,0,0,4,2,50,1,2,1,3,2,0,0,1
1,16,3,6,13,4,3,4,0,1,4,2,50,2,2,3,3,2,0,1,-1
1,16,3,5,13,4,3,4,0,1,4,2,50,2,2,3,3,2,0,1,-1
1,16,3,5,13,4,3,3,0,1,4,2,50,2,2,3,3,2,0,1,-1
1,16,3,5,13,4,3,2,0,1,4,2,50,2,2,3,3,2,0,1,-1
2,19,3,7,13,4,2,4,0,1,3,1,48,1,1,3,2,2,1,0,-1
2,20,3,7,13,4,2,4,0,1,3,1,48,1,1,3,2,2,1,0,-1
0,23,0,9,13,1,3,4,0,1,2,0,48,1,0,4,2,1,0,1,-1
1,23,0,9,13,1,3,4,0,1,2,0,48,1,0,4,2,1,1,1,-1
1,23,1,9,13,1,3,4,0,1,2,0,48,1,0,4,2,1,1,1,-1
0,23,0,9,13,1,3,4,0,1,2,0,48,1,0,4,2,1,1,0,-1
0,23,0,8,13,1,3,4,0,1,2,0,48,1,0,4,2,1,1,0,-1
0,22,0,8,13,1,3,4,0,1,2,0,48,1,0,4,2,1,1,0,-1
0,22,1,8,13,1,3,4,0,1,2,0,48,1,0,4,2,1,1,0,-1
1,22,3,6,11,4,2,2,0,1,1,1,48,0,1,1,2,1,1,0,-1
1,22,3,7,11,4,2,2,0,1,1,1,48,0,1,1,2,1,1,0,-1
1,21,3,7,11,4,2,2,0,1,1,1,48,0,1,1,2,1,1,0,-1
1,21,3,6,11,4,2,2,0,1,1,1,48,0,1,1,2,1,1,0,-1
1,21,3,5,11,4,2,2,0,1,1,1,48,0,1,1,2,1,1,0,-1
1,20,3,5,11,4,2,2,0,1,1,1,48,0,1,1,2,1,1,0,-1
1,11,0,2,20,1,3,4,0,1,3,3,31,2,2,3,0,2,0,0,-1
1,11,0,3,20,1,3,4,0,1,3,3,31,2,2,3,0,2,0,0,-1
1,11,0,4,20,1,3,4,0,2,4,1,31,2,2,3,0,2,1,0,-1
1,11,0,4,21,1,3,4,0,2,4,1,31,2,2,3,0,2,1,0,-1
1,11,0,4,21,1,3,4,0,2,4,1,31,2,2,3,0,2,1,1,-1
1,11,1,4,21,1,3,4,0,2,4,1,31,2,2,3,0,2,1,1,-1
1,11,1,4,21,2,3,4,0,2,4,1,31,2,2,3,0,2,1,1,-1
1,11,0,4,21,2,3,4,0,2,4,1,31,2,2,3,0,2,1,1,-1
0,11,0,5,21,2,1,4,0,2,4,2,31,1,2,4,0,2,1,0,1
0,11,1,5,21,2,1,4,0,2,4,2,31,1,2,4,0,2,1,0,1
0,11,0,5,21,2,1,4,0,2,4,1,31,1,2,4,0,2,1,0,1
0,11,0,6,21,2,1,4,0,2,4,1,31,1,2,4,0,2,1,0,1
0,11,0,6,21,2,1,4,0,2,4,2,31,1,2,4,0,2,1,0,1
0,11,0,7,21,2,1,4,0,2,4,2,31,1,2,4,0,2,1,0,1
0,11,1,7,21,2,1,4,0,2,4,2,31,1,2,4,0,2,1,0,1
0,11,1,6,21,2,1,4,0,2,4,2,31,1,2,4,0,2,1,0,1
2,11,0,4,20,2,1,4,0,2,4,2,30,1,2,4,0,1,1,0,1
3,11,2,4,20,2,1,4,0,2,3,2,30,1,2,4,1,1,1,0,1
3,11,2,4,20,1,1,4,0,2,3,2,30,1,2,4,1,1,1,0,1
2,10,3,4,20,1,1,4,0,2,3,3,30,1,2,4,1,1,1,0,-1
2,10,3,4,20,1,2,4,0,2,3,3,30,1,2,4,1,1,1,0,-1
2,10,3,4,20,1,2,4,0,2,3,3,30,1,2,4,0,1,1,0,-1
2,10,3,5,20,1,2,4,0,2,3,3,30,1,2,4,0,1,1,0,-1
2,10,4,5,20,1,2,4,0,2,3,3,30,1,2,4,0,1,1,0,-1
2,10,4,5,20,1,2,4,0,2,2,3,30,1,2,4,0,1,1,0,-1
2,10,4,5,20,1,2,3,0,2,2,3,30,1,2,4,0,1,1,0,-1
2,10,4,5,20,1,1,3,0,2,2,3,30,1,2,4,0,1,1,0,-1
2,10,4,5,20,1,1,3,0,2,2,3,30,1,2,4,0,1,0,0,-1
1,10,4,4,20,1,1,4,0,2,2,3,30,1,2,4,0,1,0,1,1
1,10,4,4,20,1,1,4,0,2,1,3,30,1,2,4,0,1,0,1,1
1,10,4,4,19,1,1,4,0,2,1,3,30,1,2,4,0,1,0,1,1
3,10,4,5,20,1,1,4,0,2,1,3,30,1,2,4,0,1,0,1,1
1,10,4,5,20,1,1,4,0,2,1,3,30,1,2,4,0,1,0,1,1
1,10,4,4,20,1,1,4,0,2,1,3,30,1,1,4,0,1,0,1,1
1,11,4,4,20,1,1,4,0,2,1,3,30,1,1,4,0,1,0,1,1
1,11,4,4,20,1,0,4,0,2,1,3,30,1,1,4,0,1,0,1,1
1,11,4,4,20,1,0,4,0,2,1,3,30,1,1,4,1,1,0,1,1
1,12,4,4,20,1,0,4,0,2,1,3,30,1,1,4,1,1,0,1,1
1,12,4,5,20,1,0,4,0,2,1,3,30,1,1,4,1,1,0,1,1
1,12,4,5,20,1,0,4,0,2,1,3,30,1,0,4,1,1,0,1,1
1,12,4,4,20,1,0,4,0,2,1,3,30,1,0,4,1,1,0,1,1
1,12,4,4,20,1,0,4,0,2,1,3,30,1,1,3,1,1,0,1,1
1,12,4,4,20,1,0,4,0,2,2,3,30,1,1,3,1,1,0,1,1
1,12,4,4,20,1,0,4,0,2,2,2,30,1,1,3,1,1,0,1,1
1,13,4,4,20,1,0,4,0,2,2,2,30,1,1,3,1,1,0,1,1
1,14,4,4,20,1,0,4,0,2,2,2,30,1,1,3,1,1,0,1,1
3,15,4,4,20,1,0,4,0,2,2,2,30,1,1,3,1,1,0,1,1
3,15,4,4,20,0,0,4,0,1,2,2,30,1,2,3,1,1,0,1,1
3,15,4,4,20,0,0,4,0,1,3,2,30,1,2,3,1,1,0,1,1
3,15,4,4,20,0,0,4,0,1,3,2,30,1,2,2,1,1,0,1,1
2,15,4,6,20,2,0,3,0,1,4,3,28,1,1,2,0,2,0,0,-1
2,15,4,6,20,2,0,3,0,1,4,3,28,1,1,2,1,2,0,0,-1
1,15,4,6,20,2,0,3,0,1,4,3,28,1,1,2,1,2,0,0,-1
1,15,4,6,20,2,0,3,0,1,4,3,28,1,0,2,1,2,0,0,-1
1,15,4,6,20,2,0,3,0,2,4,3,28,1,0,2,1,2,0,0,-1
1,15,4,6,20,2,0,3,0,2,3,3,28,1,0,2,1,2,0,0,-1
1,15,4,6,20,3,0,3,0,2,3,3,28,1,0,2,1,2,0,0,-1
1,15,4,6,20,4,0,3,0,2,3,3,28,1,0,2,1,2,0,0,-1
1,15,4,6,20,4,0,3,0,2,3,3,28,1,0,1,1,2,0,0,-1
1,15,4,6,20,4,0,3,0,2,4,3,28,1,0,1,1,2,0,0,-1
3,15,3,6,20,4,0,4,0,2,4,3,27,1,1,1,1,2,1,0,1
3,15,3,6,19,4,0,4,0,2,4,3,27,1,1,1,1,2,1,0,1
3,15,3,6,19,4,0,4,0,2,4,3,27,1,1,1,0,2,1,0,1
3,15,3,5,19,4,0,4,0,2,4,3,27,1,1,1,0,2,1,0,1
3,15,3,5,19,4,0,3,0,2,4,3,27,1,1,1,0,2,1,0,1
3,15,3,4,19,3,0,4,0,2,3,2,27,0,1,1,0,2,0,0,1
3,15,3,4,19,3,0,4,0,2,3,2,27,0,0,1,0,2,0,0,1
3,15,3,4,19,3,0,3,0,2,3,2,27,0,0,1,0,2,0,0,1
3,15,3,4,19,3,0,3,0,2,3,2,27,0,1,1,0,2,0,0,1
3,14,3,4,19,3,0,4,0,2,3,2,27,0,0,1,0,2,0,0,1
3,14,4,4,19,4,0,4,0,2,3,2,27,0,0,1,0,2,0,0,1
3,14,4,4,19,4,0,4,0,2,3,2,27,0,1,1,0,2,0,0,1
3,14,4,4,19,4,0,4,0,2,3,3,27,0,1,1,0,2,0,0,1
3,14,4,3,19,4,0,4,0,2,3,3,27,0,1,1,0,2,0,0,1
3,14,4,3,19,4,0,4,0,2,2,3,27,0,1,1,0,2,0,0,1
3,14,4,4,19,4,0,4,0,2,2,3,27,0,1,1,0,2,0,0,1
3,13,4,4,19,4,0,4,0,2,2,3,27,0,1,1,0,2,0,0,1
3,13,4,4,19,4,0,4,0,2,2,3,27,0,0,1,0,2,0,0,1
3,13,4,5,19,4,0,4,0,2,2,3,27,0,0,1,0,2,0,0,1
3,13,4,5,19,4,0,4,0,1,2,3,27,0,0,1,0,2,0,0,1
3,13,4,5,19,4,0,4,0,1,2,2,27,0,0,1,0,2,0,0,1
3,13,4,5,19,4,0,3,0,1,2,2,27,0,0,1,0,2,0,0,1
3,13,4,6,19,4,0,3,0,1,2,2,27,0,0,1,0,2,0,0,1
3,13,4,6,19,4,0,3,0,1,2,2,27,0,0,1,1,2,0,0,1
3,13,4,6,19,4,0,2,0,1,2,2,27,0,0,1,1,2,0,0,1
3,13,4,6,19,4,0,3,0,1,2,2,27,0,1,1,1,2,0,0,1
3,13,4,5,19,4,0,3,0,1,2,2,27,0,1,1,1,2,0,0,1
3,13,4,5,19,4,0,3,0,1,2,2,27,0,0,1,1,2,0,0,1
3,13,4,5,19,4,0,2,0,1,2,2,27,0,1,1,1,2,0,0,1
3,13,4,5,19,4,0,2,0,1,2,2,27,0,0,1,1,2,0,0,1
3,13,4,5,19,4,0,2,0,1,1,2,27,0,0,1,1,2,0,0,1
3,13,4,5,19,4,0,2,0,1,1,2,27,0,1,1,1,2,0,0,1
3,13,4,5,19,4,0,2,0,1,1,2,27,0,1,2,1,2,0,0,1
3,13,4,4,19,4,0,2,0,1,1,2,27,0,1,2,1,2,0,0,1
3,13,4,4,19,4,0,3,0,1,1,2,27,0,1,2,1,2,0,0,1
3,13,4,4,19,4,0,3,0,1,1,2,27,0,0,2,1,2,0,0,1
3,13,4,5,19,4,0,3,0,1,1,2,27,0,0,2,1,2,0,0,1
3,13,4,5,19,4,0,3,0,1,1,3,27,0,0,2,1,2,0,0,1
3,13,4,5,19,4,0,2,0,1,1,3,27,0,0,2,1,2,0,0,1
3,13,4,5,19,3,0,2,0,1,1,3,27,0,0,2,1,2,0,0,1
3,13,4,5,19,3,0,2,0,1,1,3,27,0,1,2,1,2,0,0,1
3,13,4,5,19,3,0,2,0,1,1,3,27,0,1,3,1,2,0,0,1
1,13,4,5,19,4,0,2,0,2,1,2,27,0,2,3,2,2,0,0,1
1,13,4,5,19,4,1,2,0,2,1,2,27,0,2,3,2,2,0,0,1
1,13,4,5,19,4,1,2,0,2,1,1,27,0,2,3,2,2,0,0,1
1,12,4,5,19,4,1,2,0,2,1,1,27,0,2,3,2,2,0,0,1
1,12,4,5,19,4,1,2,0,2,1,1,26,0,2,3,2,2,0,0,1
1,12,4,5,19,4,0,2,0,2,1,1,26,0,2,3,2,2,0,0,1
1,12,4,4,19,4,1,2,0,2,1,1,26,0,2,3,2,2,0,0,1
1,12,4,4,19,4,1,2,0,2,1,1,26,0,2,3,3,2,0,0,1
1,12,3,4,19,4,1,2,0,2,1,1,26,0,2,3,3,2,0,0,1
1,12,3,4,20,4,1,2,0,2,1,1,26,0,2,3,3,2,0,0,1
1,12,2,4,20,4,1,2,0,2,1,1,26,0,2,3,3,2,0,0,1
1,10,3,9,19,1,1,3,0,2,1,2,27,2,2,3,2,1,0,1,1
1,10,3,9,19,1,1,2,0,2,1,1,27,2,1,3,2,1,0,1,1
1,10,3,9,19,1,1,2,0,2,1,1,27,2,1,3,2,1,0,0,1
1,10,3,9,18,1,1,2,0,2,1,1,27,2,1,3,2,1,0,0,1
1,10,3,9,18,1,1,2,0,2,1,1,27,2,1,3,2,1,0,1,1
1,10,2,9,18,1,1,2,0,2,1,1,27,2,1,3,2,1,0,1,1
0,10,2,9,18,1,1,2,0,2,1,0,27,2,0,3,2,1,0,1,-1
0,10,2,9,18,1,1,2,0,2,1,0,27,2,1,3,2,1,0,1,-1
0,10,3,9,18,1,1,2,0,2,1,0,27,2,1,3,2,1,0,1,-1
0,10,3,9,19,1,1,2,0,2,1,0,27,2,1,3,2,1,0,1,-1
0,10,4,9,19,1,1,2,0,2,1,0,27,2,1,3,2,1,0,1,-1
0,10,3,9,19,1,1,2,0,2,1,0,27,2,2,3,2,1,0,1,-1
0,10,3,9,19,1,1,2,0,2,1,0,28,2,1,3,2,1,0,1,-1
0,11,3,9,19,1,1,2,0,2,1,0,28,2,1,3,2,1,0,1,-1
0,11,3,9,19,1,1,2,0,2,1,0,28,2,2,3,2,1,0,1,-1
0,11,3,9,19,2,1,2,0,2,1,0,28,2,2,3,2,1,0,1,-1
0,11,3,9,19,2,1,1,0,2,1,0,28,2,2,3,2,1,0,1,-1
0,11,3,9,19,2,1,1,0,2,1,0,27,2,2,3,2,1,0,1,-1
0,11,3,9,19,2,1,2,0,2,1,0,27,2,2,3,2,1,0,1,-1
0,11,3,9,19,2,1,3,0,2,1,0,27,2,2,3,2,1,0,1,-1
0,11,3,9,19,1,1,3,0,2,1,0,27,2,2,3,2,1,0,1,-1
0,11,4,9,19,1,1,3,0,2,1,0,27,2,2,3,2,1,0,1,-1
0,11,4,9,19,1,1,3,0,2,1,0,27,1,2,3,2,1,0,1,-1
0,11,4,9,19,1,1,2,0,2,1,0,27,1,2,3,2,1,0,1,-1
0,11,3,9,19,1,1,2,0,2,1,0,27,1,2,3,2,1,0,1,-1
0,12,3,9,19,1,1,2,0,2,1,0,27,1,2,3,2,1,0,1,-1
3,11,3,10,20,1,1,3,0,2,1,1,27,1,1,3,2,1,1,1,1
3,11,2,10,20,1,1,3,0,2,1,1,27,1,1,3,2,1,1,1,1
3,11,2,10,20,1,1,3,0,2,1,1,27,1,1,3,2,1,1,0,1
3,11,2,10,20,1,1,3,0,1,1,1,27,1,1,3,2,1,1,0,1
3,11,2,10,20,1,1,3,0,1,1,2,27,1,1,3,2,1,1,0,1
3,11,3,10,20,1,1,3,0,1,1,2,27,1,1,3,2,1,1,0,1
3,10,3,10,20,1,1,3,0,1,1,2,27,1,1,3,2,1,1,0,1
