0,12,2,2,16,0,2,2,0,0,2,0,27,2,1,1,2,1,0,0,1
0,24,2,2,32,0,1,4,0,0,4,0,23,2,0,1,1,1,1,0,0
0,24,2,2,17,0,1,4,0,1,1,1,24,2,1,1,1,1,0,1,0
1,11,2,2,15,3,1,4,0,0,1,0,20,2,1,1,2,1,0,0,1
0,30,2,2,24,0,3,4,0,0,4,0,23,2,0,1,2,1,0,0,0
0,24,2,2,30,0,2,2,0,0,2,0,24,2,0,1,1,1,0,0,0
0,6,2,1,13,2,0,1,0,0,2,1,23,2,0,1,0,1,1,0,1
0,24,2,0,13,4,2,4,0,0,4,0,25,2,0,1,2,1,0,0,0
0,12,0,3,61,0,2,4,0,0,2,1,28,2,0,2,2,1,1,0,1
1,12,2,3,15,0,2,1,0,0,1,2,22,2,1,1,2,1,1,0,1
0,18,2,2,20,0,2,1,0,0,4,0,20,0,0,1,2,1,0,0,0
1,12,2,3,13,0,1,2,0,0,1,2,22,1,1,1,2,1,0,0,1
0,24,1,2,24,2,2,4,0,0,4,0,22,1,1,1,2,1,1,0,0
0,18,2,3,31,0,2,2,0,0,2,0,24,2,1,1,2,1,0,0,0
1,12,2,0,74,4,0,1,0,0,2,0,24,2,0,1,0,1,0,0,1
0,12,2,2,16,0,2,3,0,0,2,0,27,2,1,1,2,1,0,0,1
0,12,2,2,16,0,2,3,0,0,2,0,27,2,1,1,3,1,0,0,1
0,13,2,2,16,0,2,3,0,0,2,0,27,2,1,1,3,1,0,0,1
0,13,2,2,16,0,2,3,0,0,2,0,27,1,1,1,3,1,0,0,1
0,13,2,1,16,0,2,3,0,0,2,0,27,1,1,1,3,1,0,0,1
0,13,2,1,16,0,2,3,0,0,2,0,27,1,1,2,3,1,0,0,1
0,13,2,1,16,0,2,3,0,0,2,0,26,1,1,2,3,1,0,0,1
0,13,2,1,16,0,2,3,0,0,1,0,26,1,1,2,3,1,0,0,1
0,13,2,1,16,0,2,3,0,0,1,1,26,1,1,2,3,1,0,0,1
0,13,2,1,16,0,1,3,0,0,1,1,26,1,1,2,3,1,0,0,1
0,13,2,1,16,0,1,3,0,0,1,1,26,1,2,2,3,1,0,0,1
0,13,2,1,16,0,1,3,0,0,1,2,26,1,2,2,3,1,0,0,1
0,13,2,1,15,0,1,3,0,0,1,2,26,1,2,2,3,1,0,0,1
0,13,2,1,15,0,1,4,0,0,1,2,26,1,2,2,3,1,0,0,1
0,13,2,1,15,0,1,4,0,0,1,1,26,1,2,2,3,1,0,0,1
0,13,2,1,15,0,1,4,0,0,1,1,26,1,2,2,3,2,0,0,1
0,13,1,1,15,0,1,4,0,0,1,1,26,1,2,2,3,2,0,0,1
0,13,1,1,15,0,1,4,0,0,1,1,25,1,2,2,3,2,0,0,1
0,12,1,1,15,0,1,4,0,0,1,1,25,1,2,2,3,2,0,0,1
0,12,1,0,15,0,1,4,0,0,1,1,25,1,2,2,3,2,0,0,1
0,12,1,0,15,0,1,4,0,0,1,1,25,2,2,2,3,2,0,0,1
0,12,1,0,15,0,1,4,0,0,1,1,25,2,2,3,3,2,0,0,1
0,11,1,0,15,0,1,4,0,0,1,1,25,2,2,3,3,2,0,0,1
0,12,1,1,15,0,1,4,0,0,1,1,25,2,2,3,3,2,0,0,1
0,12,1,1,15,1,1,4,0,0,1,1,25,2,2,3,3,2,0,0,1
0,13,1,1,15,1,1,4,0,0,1,1,25,2,2,3,3,2,0,0,1
0,13,1,1,15,1,1,4,0,0,1,1,24,2,2,3,3,2,0,0,1
0,13,1,0,15,1,1,4,0,0,1,1,24,2,2,3,3,2,0,0,1
0,13,1,0,16,1,1,4,0,0,1,1,24,2,2,3,3,2,0,0,1
1,13,1,0,16,1,1,4,0,0,1,1,24,2,2,3,3,2,0,0,1
1,13,1,0,16,1,1,4,0,0,1,1,24,2,2,2,3,2,0,0,1
1,13,2,0,16,1,1,4,0,0,1,1,24,2,2,2,3,2,0,0,1
1,13,2,0,16,1,1,4,0,0,1,1,24,2,2,2,3,2,0,1,1
1,13,2,0,16,1,1,3,0,0,1,1,24,2,2,2,3,2,0,1,1
1,13,2,0,16,1,1,3,0,0,1,1,24,2,2,1,3,2,0,1,1
1,13,2,0,16,1,1,3,0,0,2,1,24,2,2,1,3,2,0,1,1
1,13,2,0,16,1,1,4,0,0,2,1,24,2,2,1,3,2,0,1,1
1,13,1,0,16,1,1,4,0,0,2,1,24,2,2,1,3,2,0,1,1
1,13,1,0,16,1,1,4,0,0,2,2,24,2,2,1,3,2,0,1,1
1,13,1,0,17,1,1,4,0,0,2,2,24,2,2,1,3,2,0,1,1
1,13,1,0,17,1,1,4,0,0,2,2,25,2,2,1,3,2,0,1,1
1,13,1,0,17,1,1,4,0,0,2,2,26,2,2,1,3,2,0,1,1
1,13,1,0,17,1,2,4,0,0,2,2,26,2,2,1,3,2,0,1,1
1,13,1,0,17,1,2,4,0,0,2,2,25,2,2,1,3,2,0,1,1
0,10,1,2,18,4,3,4,0,0,1,2,25,2,0,1,2,1,1,0,1
0,10,1,2,19,4,3,4,0,0,1,2,25,2,0,1,2,1,1,0,1
0,10,1,2,19,4,3,4,0,0,1,2,25,2,0,1,2,1,0,0,1
0,10,2,2,19,4,3,4,0,0,1,2,25,2,0,1,2,1,0,0,1
0,10,2,2,19,4,2,4,0,0,1,2,25,2,0,1,2,1,0,0,1
0,10,2,2,19,4,2,4,0,0,1,2,25,2,1,1,2,1,0,0,1
0,10,2,2,20,4,2,4,0,0,1,2,25,2,1,1,2,1,0,0,1
0,10,2,2,20,4,2,4,0,0,1,1,25,2,1,1,2,1,0,0,1
0,10,2,2,20,4,2,4,0,0,1,1,25,2,1,1,1,1,0,0,1
0,10,2,2,20,4,2,4,0,0,1,1,25,2,2,1,1,1,0,0,1
0,10,2,2,20,4,3,4,0,0,1,1,25,2,2,1,1,1,0,0,1
1,10,2,2,20,4,2,4,0,0,1,1,25,2,2,1,1,1,0,0,1
1,10,2,1,20,4,2,4,0,0,1,1,25,2,2,1,1,1,0,0,1
1,10,2,1,20,4,2,4,0,0,1,1,26,2,2,1,1,1,0,0,1
1,10,2,1,20,4,2,4,0,0,1,1,26,2,2,2,1,1,0,0,1
1,10,2,2,20,4,2,4,0,0,1,1,26,2,2,2,1,1,0,0,1
1,10,2,3,20,4,2,4,0,0,1,1,26,2,2,2,1,1,0,0,1
1,10,2,3,20,4,2,4,0,0,1,1,26,2,2,2,0,1,0,0,1
1,10,2,3,20,4,2,4,0,0,1,1,26,2,2,2,0,2,0,0,1
1,10,2,3,20,4,2,4,0,0,1,1,27,2,2,2,0,2,0,0,1
1,10,2,3,20,4,2,4,0,0,1,1,27,2,2,2,0,2,0,1,1
1,10,2,3,20,4,2,4,0,0,1,1,27,2,2,2,1,2,0,1,1
1,10,1,3,20,4,2,4,0,0,1,1,27,2,2,2,1,2,0,1,1
1,10,1,3,20,4,2,4,0,0,1,2,27,2,2,2,1,2,0,1,1
1,10,1,3,20,4,3,4,0,0,1,2,27,2,2,2,1,2,0,1,1
1,10,1,3,20,4,3,4,0,0,1,2,27,2,2,2,2,2,0,1,1
1,10,1,4,20,4,3,4,0,0,1,2,27,2,2,2,2,2,0,1,1
1,10,1,4,20,4,3,4,0,0,1,2,27,2,2,2,1,2,0,1,1
1,10,1,4,20,4,3,4,0,0,1,2,27,2,2,2,1,2,1,1,1
1,10,1,5,20,4,3,4,0,0,1,2,27,2,2,2,1,2,1,1,1
1,10,1,5,20,4,3,4,0,0,1,2,27,1,2,2,1,2,1,1,1
1,10,1,5,20,4,3,4,0,0,1,2,27,1,2,2,1,2,0,1,1
1,10,0,5,20,4,3,4,0,0,1,2,27,1,2,2,1,2,0,1,1
1,10,0,5,20,4,3,4,0,0,1,2,27,2,2,2,1,2,0,1,1
1,10,0,5,20,4,3,4,0,0,1,2,27,2,2,2,1,2,0,0,1
1,10,0,5,20,4,3,4,0,0,1,2,26,2,2,2,1,2,0,0,1
1,10,0,5,21,4,3,4,0,0,1,2,26,2,2,2,1,2,0,0,1
1,10,0,5,21,4,2,4,0,0,1,2,26,2,2,2,1,2,0,0,1
1,10,0,5,21,3,2,4,0,0,1,2,26,2,2,2,1,2,0,0,1
1,10,0,5,21,3,2,4,0,0,1,2,26,2,2,2,2,2,0,0,1
1,10,0,5,21,3,2,4,0,0,2,2,26,2,2,2,2,2,0,0,1
1,10,0,5,21,3,2,4,0,0,2,2,26,2,2,2,2,1,0,0,1
1,10,0,5,21,3,2,4,0,0,2,2,26,1,2,2,2,1,0,0,1
1,10,0,5,21,3,2,4,0,0,2,2,26,1,2,2,2,2,0,0,1
1,10,0,5,21,3,3,4,0,0,2,2,26,1,2,2,2,2,0,0,1
1,10,0,5,21,3,3,4,0,0,2,2,26,1,2,1,2,2,0,0,1
1,10,0,5,21,3,3,4,0,0,2,2,26,1,2,1,1,2,0,0,1
0,10,0,5,21,3,3,4,0,0,2,2,26,1,2,1,1,2,0,0,1
0,10,0,5,21,3,2,4,0,0,2,2,26,1,2,1,1,2,0,0,1
0,10,0,5,21,3,2,4,0,0,2,2,26,1,2,1,1,1,0,0,1
1,10,0,5,21,3,2,4,0,0,2,2,26,1,2,1,1,1,0,0,1
1,10,0,5,21,3,1,4,0,0,2,2,26,1,2,1,1,1,0,0,1
1,10,0,5,21,4,1,4,0,0,2,2,26,1,2,1,1,1,0,0,1
1,10,0,5,21,4,1,3,0,0,2,2,26,1,2,1,1,1,0,0,1
1,10,0,5,21,4,1,3,0,0,2,2,26,1,2,2,1,1,0,0,1
0,10,0,5,21,4,1,3,0,0,2,2,26,1,2,2,1,1,0,0,1
0,10,0,5,21,4,1,3,0,0,2,2,26,1,2,3,1,1,0,0,1
0,10,0,5,21,4,1,3,0,0,2,1,26,1,2,3,1,1,0,0,1
0,10,0,5,21,4,1,3,0,0,2,1,26,2,2,3,1,1,0,0,1
0,10,0,5,21,4,1,3,0,0,2,1,26,2,2,3,1,2,0,0,1
0,10,0,5,21,4,1,3,0,0,2,0,26,2,2,3,1,2,0,0,1
0,10,0,5,21,4,1,3,0,0,2,0,26,1,2,3,1,2,0,0,1
0,10,0,5,21,4,1,3,0,0,2,0,26,1,2,4,1,2,0,0,1
0,11,0,5,21,4,1,3,0,0,2,0,26,1,2,4,1,2,0,0,1
0,11,0,5,21,4,1,3,0,0,2,0,26,1,2,4,1,2,0,1,1
0,11,0,5,21,4,1,2,0,0,2,0,26,1,2,4,1,2,0,1,1
0,11,0,5,21,4,1,2,0,0,2,0,26,1,1,4,1,2,0,1,1
0,11,0,5,21,3,1,2,0,0,2,0,26,1,1,4,1,2,0,1,1
0,12,0,5,21,3,1,2,0,0,2,0,26,1,1,4,1,2,0,1,1
0,12,0,5,21,3,0,2,0,0,2,0,26,1,1,4,1,2,0,1,1
0,12,0,4,21,3,0,2,0,0,2,0,26,1,1,4,1,2,0,1,1
0,12,0,4,21,3,0,2,0,0,2,0,26,1,1,4,1,1,0,1,1
0,12,0,4,21,3,0,2,0,0,2,0,26,1,1,4,1,1,0,0,1
0,12,0,4,21,3,0,2,0,0,2,0,26,1,1,3,1,1,0,0,1
0,12,0,4,21,3,0,2,0,0,2,0,26,1,1,3,1,1,0,1,1
0,12,0,4,21,3,0,2,0,0,2,0,26,1,1,3,2,1,0,1,1
0,12,0,4,20,3,0,2,0,0,2,0,26,1,1,3,2,1,0,1,1
0,12,0,4,20,3,0,2,0,0,1,0,26,1,1,3,2,1,0,1,1
0,12,0,4,20,3,0,2,0,0,2,0,26,1,1,3,2,1,0,0,1
0,12,0,4,20,3,0,2,0,0,2,0,26,1,0,3,2,1,0,0,1
0,12,0,4,20,3,0,1,0,0,2,0,26,1,0,3,2,1,0,0,1
0,12,0,4,19,3,0,1,0,0,2,0,26,1,0,3,2,1,0,0,1
0,12,0,4,19,3,0,1,0,0,2,0,26,1,0,2,2,1,0,0,1
0,12,0,4,19,3,0,1,0,0,2,0,26,1,0,2,2,1,0,1,1
0,13,0,4,19,3,0,1,0,0,2,0,26,1,0,2,2,1,0,1,1
0,13,0,4,20,3,0,1,0,0,2,0,26,1,0,2,2,1,0,1,1
0,13,0,4,20,3,0,1,0,0,2,0,26,1,0,2,2,2,0,1,1
0,13,0,4,20,3,0,1,0,0,2,0,26,1,1,2,2,2,0,1,1
0,13,0,4,20,3,0,1,0,0,2,0,26,1,1,2,2,2,0,0,1
1,13,0,4,20,3,0,1,0,0,2,0,26,1,1,2,2,2,0,0,1
1,13,0,5,20,3,0,1,0,0,2,0,26,1,1,2,2,2,0,0,1
1,13,0,5,20,3,0,1,0,0,2,0,25,1,1,2,2,2,0,0,1
1,13,0,5,20,3,0,1,0,0,2,0,24,1,1,2,2,2,0,0,1
1,13,1,5,20,3,0,1,0,0,2,0,24,1,1,2,2,2,0,0,1
1,13,1,5,20,3,0,1,0,0,2,0,24,1,1,2,3,2,0,0,1
1,13,1,5,19,3,0,1,0,0,2,0,24,1,1,2,3,2,0,0,1
1,13,1,4,19,3,0,1,0,0,2,0,24,1,1,2,3,2,0,0,1
1,13,0,4,19,3,0,1,0,0,2,0,24,1,1,2,3,2,0,0,1
1,13,0,4,19,3,0,1,0,0,2,0,24,1,1,2,3,2,0,1,1
1,13,0,4,19,3,0,1,0,0,2,1,24,1,1,2,3,2,0,1,1
1,13,0,4,19,3,0,1,0,0,2,1,25,1,1,2,3,2,0,1,1
1,13,0,3,19,3,0,1,0,0,2,1,25,1,1,2,3,2,0,1,1
1,13,0,3,19,3,1,1,0,0,2,1,25,1,1,2,3,2,0,1,1
1,13,0,2,19,3,1,1,0,0,2,1,25,1,1,2,3,2,0,1,1
1,13,0,2,19,3,1,1,0,0,2,0,25,1,1,2,3,2,0,1,1
1,13,0,2,19,4,1,1,0,0,2,0,25,1,1,2,3,2,0,1,1
1,13,0,2,19,4,1,1,0,0,2,0,25,1,2,2,3,2,0,1,1
1,13,1,2,19,4,1,1,0,0,2,0,25,1,2,2,3,2,0,1,1
1,13,2,2,19,4,1,1,0,0,2,0,25,1,2,2,3,2,0,1,1
0,24,2,2,32,0,1,4,0,0,4,0,22,2,0,1,1,1,1,0,-1
0,24,2,2,32,0,1,4,0,0,4,1,22,2,0,1,1,1,1,0,-1
0,24,2,2,32,0,1,4,0,0,3,1,22,2,0,1,1,1,1,0,-1
0,23,2,2,32,0,1,4,0,0,3,1,22,2,0,1,1,1,1,0,-1
0,23,2,2,32,0,1,4,0,0,3,1,22,2,0,1,1,1,0,0,-1
0,23,2,2,32,1,1,4,0,0,3,1,22,2,0,1,1,1,0,0,-1
0,23,2,2,32,1,1,4,0,0,3,1,23,2,0,1,1,1,0,0,-1
0,23,2,2,32,1,1,4,0,0,3,1,23,2,1,1,1,1,0,0,-1
0,23,2,2,32,2,1,4,0,0,3,1,23,2,1,1,1,1,0,0,-1
0,23,2,2,32,2,1,3,0,0,3,1,23,2,1,1,1,1,0,0,-1
0,23,2,2,32,2,1,3,0,0,3,1,22,2,1,1,1,1,0,0,-1
0,23,2,2,32,2,1,3,0,0,3,1,22,2,1,1,1,1,1,0,-1
0,23,2,2,32,2,1,3,0,0,3,1,22,2,1,1,1,1,1,1,-1
0,23,2,2,32,2,1,2,0,0,3,1,22,2,1,1,1,1,1,1,-1
0,23,2,2,32,2,1,2,0,0,3,1,21,2,1,1,1,1,1,1,-1
0,24,2,2,32,2,1,2,0,0,3,1,21,2,1,1,1,1,1,1,-1
0,24,2,1,32,2,1,2,0,0,3,1,21,2,1,1,1,1,1,1,-1
0,24,2,1,32,2,1,2,0,0,3,1,22,2,1,1,1,1,1,1,-1
0,24,2,1,32,2,1,2,0,0,3,1,22,2,1,1,2,1,1,1,-1
0,24,2,1,32,2,1,2,0,0,2,1,22,2,1,1,2,1,1,1,-1
0,23,2,1,32,2,1,2,0,0,2,1,22,2,1,1,2,1,1,1,-1
0,23,2,1,32,3,1,2,0,0,2,1,22,2,1,1,2,1,1,1,-1
0,23,2,1,32,3,1,2,0,0,3,1,22,2,1,1,2,1,1,1,-1
0,23,2,1,32,3,1,2,0,0,3,1,22,2,2,1,2,1,1,1,-1
0,23,2,2,32,3,1,2,0,0,3,1,22,2,2,1,2,1,1,1,-1
0,23,2,2,31,3,1,2,0,0,3,1,22,2,2,1,2,1,1,1,-1
0,23,2,2,32,3,1,2,0,0,3,1,22,2,2,1,3,1,1,1,-1
0,23,2,2,32,3,1,2,0,0,3,1,22,2,2,1,3,1,0,1,-1
0,23,2,2,32,3,1,2,0,0,3,1,22,1,2,1,3,1,0,1,-1
0,22,2,2,32,3,1,2,0,0,3,1,22,1,2,1,3,1,0,1,-1
0,22,2,2,32,3,1,2,0,0,3,1,21,1,2,1,3,1,0,1,-1
0,23,2,2,32,3,1,2,0,0,3,1,21,1,2,1,3,1,0,1,-1
0,23,3,2,32,3,1,2,0,0,3,1,21,1,2,1,3,1,0,1,-1
0,23,3,2,32,3,1,2,0,0,4,1,21,1,2,1,3,1,0,1,-1
0,23,3,2,32,3,1,2,0,0,4,0,21,1,2,1,3,1,0,1,-1
0,23,2,2,32,3,1,2,0,0,4,0,21,1,2,1,3,1,0,1,-1
0,24,2,2,32,3,1,2,0,0,4,0,21,1,2,1,3,1,0,1,-1
0,24,2,2,32,3,1,2,0,0,4,0,20,1,2,1,3,1,0,1,-1
0,24,2,2,32,3,1,2,0,0,3,0,20,1,2,1,3,1,0,1,-1
0,24,2,2,32,3,1,2,0,0,3,0,20,1,2,1,2,1,0,1,-1
0,24,2,2,32,3,1,2,0,0,4,0,20,1,2,1,2,1,0,1,-1
0,24,2,2,32,3,1,1,0,0,4,0,20,1,2,1,2,1,0,1,-1
0,24,2,2,31,3,1,1,0,0,4,0,20,1,2,1,2,1,0,1,-1
0,24,2,2,32,3,1,1,0,0,4,0,20,1,2,1,2,1,1,1,-1
0,25,2,2,32,3,1,1,0,0,4,0,20,1,2,1,2,1,0,1,-1
0,25,2,2,32,3,1,1,0,0,4,0,20,1,2,1,3,1,0,1,-1
0,25,2,2,32,3,2,1,0,0,4,0,20,1,2,1,3,1,0,1,-1
0,25,2,2,32,3,2,2,0,0,4,0,20,1,2,1,3,1,0,1,-1
0,25,2,2,32,3,2,2,0,0,4,0,19,1,2,1,3,1,0,1,-1
0,24,2,2,32,3,2,2,0,0,4,0,19,1,2,1,3,1,0,1,-1
0,24,2,3,32,3,2,2,0,0,4,0,19,1,2,1,3,1,0,1,-1
0,24,2,3,33,3,2,2,0,0,4,0,19,1,2,1,3,1,0,1,-1
0,24,2,3,33,3,2,2,0,0,4,0,19,1,2,1,3,1,1,1,-1
0,25,2,3,33,3,2,2,0,0,4,0,19,1,2,1,3,1,1,1,-1
0,25,2,3,33,3,2,2,0,0,4,0,19,1,2,1,2,1,1,1,-1
0,25,2,3,32,3,2,2,0,0,4,0,19,1,2,1,2,1,1,1,-1
0,25,2,3,32,3,2,2,0,0,3,0,19,1,2,1,2,1,1,1,-1
0,25,2,3,32,3,2,2,0,0,3,0,19,1,2,1,1,1,1,1,-1
0,25,2,3,32,3,2,2,0,0,4,0,19,1,2,1,1,1,1,1,-1
0,25,2,3,32,3,1,2,0,0,4,0,19,1,2,1,1,1,1,1,-1
0,25,3,3,32,3,1,2,0,0,4,0,19,1,2,1,1,1,1,1,-1
0,25,3,3,32,3,1,3,0,0,4,0,19,1,2,1,1,1,1,1,-1
0,25,3,3,32,3,1,3,0,0,4,0,19,0,2,1,1,1,1,1,-1
0,24,3,3,32,3,1,3,0,0,4,0,19,0,2,1,1,1,1,1,-1
0,23,3,3,32,3,1,3,0,0,4,0,19,0,2,1,1,1,1,1,-1
0,24,3,3,32,3,2,3,0,0,4,0,19,0,2,1,1,1,1,1,-1
0,24,3,4,32,3,2,3,0,0,4,0,19,0,2,1,1,1,1,1,-1
0,24,3,4,32,3,2,3,0,1,4,0,19,0,2,1,1,1,1,1,-1
0,24,3,4,32,3,2,3,0,1,4,0,19,0,1,1,1,1,1,1,-1
0,24,3,4,32,4,2,3,0,1,4,0,19,0,1,1,1,1,1,1,-1
0,24,3,4,32,4,2,3,0,1,4,0,19,1,1,1,1,1,1,1,-1
0,24,3,4,32,4,2,2,0,1,4,0,19,1,1,1,1,1,1,1,-1
0,24,3,4,32,4,2,2,0,1,4,0,19,1,2,1,1,1,1,1,-1
0,24,3,4,32,4,2,2,0,1,4,0,19,1,2,1,1,1,1,0,-1
0,24,3,4,32,4,2,3,0,1,4,0,19,1,2,1,1,1,1,0,-1
0,24,3,4,32,4,2,4,0,1,4,0,19,1,2,1,1,1,1,0,-1
0,24,3,4,32,4,2,4,0,1,4,0,19,1,2,1,0,1,1,0,-1
0,24,3,4,32,4,2,4,0,0,4,0,19,1,2,1,0,1,1,0,-1
0,24,3,3,32,4,2,4,0,0,4,0,19,1,2,1,0,1,1,0,-1
0,24,3,2,32,4,2,4,0,0,4,0,19,1,2,1,0,1,1,0,-1
0,24,3,2,32,4,2,4,0,0,4,0,19,1,2,1,0,1,0,0,-1
0,24,3,2,32,4,2,4,0,0,4,0,19,1,2,1,0,1,0,1,-1
0,24,3,2,32,4,2,3,0,0,4,0,19,1,2,1,0,1,0,1,-1
0,24,3,2,33,4,2,3,0,0,4,0,19,1,2,1,0,1,0,1,-1
0,24,3,2,33,4,2,3,0,0,4,0,19,1,1,1,0,1,0,1,-1
0,24,3,2,34,4,2,3,0,0,4,0,19,1,1,1,0,1,0,1,-1
0,24,3,2,34,4,2,3,0,0,4,0,19,1,1,1,0,1,0,0,-1
0,24,3,2,34,4,2,3,0,0,4,0,19,0,1,1,0,1,0,0,-1
0,24,3,2,34,4,2,3,0,0,3,0,19,0,1,1,0,1,0,0,-1
0,24,3,2,33,4,2,3,0,0,3,0,19,0,1,1,0,1,0,0,-1
0,24,3,2,33,4,2,2,0,0,3,0,19,0,1,1,0,1,0,0,-1
0,24,3,2,33,4,2,2,0,0,3,0,19,0,1,1,0,1,1,0,-1
0,24,3,2,33,3,2,2,0,0,3,0,19,0,1,1,0,1,1,0,-1
0,24,3,2,33,3,2,2,0,0,3,0,19,0,1,1,0,1,0,0,-1
0,24,3,2,33,3,2,2,0,1,3,0,19,0,1,1,0,1,0,0,-1
0,24,3,2,33,3,2,2,0,2,3,0,19,0,1,1,0,1,0,0,-1
0,23,3,2,33,3,2,2,0,2,3,0,19,0,1,1,0,1,0,0,-1
0,23,3,2,33,3,2,2,0,2,4,0,19,0,1,1,0,1,0,0,-1
0,23,3,2,33,3,2,2,0,2,4,0,19,0,1,1,0,1,0,1,-1
0,23,3,2,33,3,2,2,0,2,4,0,19,0,0,1,0,1,0,1,-1
0,23,3,2,33,3,1,2,0,2,4,0,19,0,0,1,0,1,0,1,-1
0,23,3,2,34,3,1,2,0,2,4,0,19,0,0,1,0,1,0,1,-1
0,23,3,2,34,3,1,2,0,2,3,0,19,0,0,1,0,1,0,1,-1
0,23,3,2,34,4,1,2,0,2,3,0,19,0,0,1,0,1,0,1,-1
0,23,3,2,34,4,1,2,0,2,3,1,19,0,0,1,0,1,0,1,-1
0,23,3,2,34,4,1,2,0,2,2,1,19,0,0,1,0,1,0,1,-1
0,23,3,2,34,4,1,2,0,2,2,1,20,0,0,1,0,1,0,1,-1
0,23,3,1,34,4,1,2,0,2,2,1,20,0,0,1,0,1,0,1,-1
0,23,3,1,34,4,1,2,0,2,2,1,20,1,0,1,0,1,0,1,-1
0,23,3,1,34,4,2,2,0,2,2,1,20,1,0,1,0,1,0,1,-1
0,23,3,1,34,4,2,2,0,2,2,1,19,1,0,1,0,1,0,1,-1
0,23,3,2,34,4,2,2,0,2,2,1,20,1,0,1,0,1,0,1,-1
0,23,3,2,34,4,2,3,0,2,2,1,20,1,0,1,0,1,0,1,-1
0,22,3,2,34,4,2,3,0,2,2,1,20,1,0,1,0,1,0,1,-1
0,22,2,2,34,4,2,3,0,2,2,1,20,1,0,1,0,1,0,1,-1
0,22,2,2,34,4,2,3,0,2,1,1,20,1,0,1,0,1,0,1,-1
0,21,2,2,34,4,2,3,0,2,1,1,20,1,0,1,0,1,0,1,-1
0,21,2,2,34,4,2,3,0,2,1,0,20,1,0,1,0,1,0,1,-1
0,21,2,2,34,4,2,3,0,2,1,0,20,2,0,1,0,1,0,1,-1
0,21,1,2,34,4,2,3,0,2,1,0,20,2,0,1,0,1,0,1,-1
0,21,1,2,34,4,2,4,0,2,1,0,20,2,0,1,0,1,0,1,-1
0,21,1,2,34,4,2,4,0,2,1,0,20,2,0,1,0,1,0,0,-1
0,21,1,2,34,4,2,4,0,2,2,0,20,2,0,1,0,1,0,0,-1
0,21,1,2,34,4,3,4,0,2,2,0,20,2,0,1,0,1,0,0,-1
0,21,1,2,34,4,3,4,0,2,3,0,20,2,0,1,0,1,0,0,-1
0,21,1,2,34,4,4,4,0,2,3,0,20,2,0,1,0,1,0,0,-1
0,21,1,2,34,4,4,4,0,2,3,1,20,2,0,1,0,1,0,0,-1
0,21,1,2,34,4,4,4,0,2,3,1,19,2,0,1,0,1,0,0,-1
0,20,1,2,34,4,4,4,0,2,3,1,19,2,0,1,0,1,0,0,-1
0,20,1,2,34,4,4,4,0,2,3,1,19,2,0,1,1,1,0,0,-1
0,20,1,2,34,4,4,4,0,2,2,1,19,2,0,1,1,1,0,0,-1
0,20,1,2,34,4,4,4,0,2,1,1,19,2,0,1,1,1,0,0,-1
0,20,1,2,34,4,3,4,0,2,1,1,19,2,0,1,1,1,0,0,-1
0,20,2,2,34,4,3,4,0,2,1,1,19,2,0,1,1,1,0,0,-1
0,20,2,2,34,4,3,3,0,2,1,1,19,2,0,1,1,1,0,0,-1
0,20,2,2,34,3,3,3,0,2,1,1,19,2,0,1,1,1,0,0,-1
0,20,2,2,34,3,3,2,0,2,1,1,19,2,0,1,1,1,0,0,-1
0,20,2,2,34,3,3,2,0,2,2,1,19,2,0,1,1,1,0,0,-1
0,20,2,2,34,3,3,1,0,2,2,1,19,2,0,1,1,1,0,0,-1
0,20,2,2,34,3,3,1,0,1,2,1,19,2,0,1,1,1,0,0,-1
0,20,3,2,34,3,3,1,0,1,2,1,19,2,0,1,1,1,0,0,-1
0,20,3,2,34,3,3,1,0,1,2,1,20,2,0,1,1,1,0,0,-1
0,20,3,2,34,3,3,1,0,1,2,1,20,2,0,1,0,1,0,0,-1
0,20,3,2,34,2,3,1,0,1,2,1,20,2,0,1,0,1,0,0,-1
0,19,3,2,34,2,3,1,0,1,2,1,20,2,0,1,0,1,0,0,-1
0,19,3,2,34,2,3,2,0,1,2,1,20,2,0,1,0,1,0,0,-1
0,19,3,2,34,2,3,2,0,1,1,1,20,2,0,1,0,1,0,0,-1
0,18,3,2,34,2,3,2,0,1,1,1,20,2,0,1,0,1,0,0,-1
0,18,3,2,34,2,3,2,0,1,1,1,20,1,0,1,0,1,0,0,-1
0,18,3,2,34,2,3,2,0,1,1,0,20,1,0,1,0,1,0,0,-1
0,18,3,2,34,2,3,2,0,1,1,0,20,1,0,1,0,1,0,1,-1
0,19,3,2,34,2,2,1,0,1,1,0,21,1,0,1,0,1,1,1,-1
0,19,3,2,34,2,2,2,0,1,1,0,21,1,0,1,0,1,1,1,-1
0,19,3,2,34,2,2,2,0,1,1,0,21,1,0,1,0,1,0,1,-1
0,19,3,2,34,2,2,2,0,1,1,1,21,1,0,1,0,1,0,1,-1
0,19,3,2,34,3,2,2,0,1,1,1,21,1,0,1,0,1,0,1,-1
0,19,3,1,34,3,2,2,0,1,1,1,21,1,0,1,0,1,0,1,-1
0,19,3,2,34,2,2,2,0,1,1,1,20,1,0,1,0,1,0,1,-1
0,19,3,2,34,2,2,2,0,1,1,1,19,1,0,1,0,1,0,1,-1
0,19,3,2,34,2,2,2,0,1,1,1,19,2,0,1,0,1,0,1,-1
0,20,2,2,33,1,2,2,0,2,1,1,19,1,0,1,0,1,0,1,-1
0,20,2,3,33,1,2,2,0,2,1,1,19,1,0,1,0,1,0,1,-1
0,20,2,3,33,1,3,2,0,2,1,1,19,1,0,1,0,1,0,1,-1
0,20,2,2,33,1,3,2,0,2,1,1,19,1,0,1,0,1,0,1,-1
0,20,2,2,33,1,3,2,0,2,1,1,19,1,0,1,1,1,0,1,-1
0,20,2,2,33,1,3,2,0,2,1,1,20,1,0,1,1,1,0,1,-1
0,20,2,2,33,1,4,2,0,2,1,1,20,1,0,1,1,1,0,1,-1
0,20,2,1,33,1,4,2,0,2,1,1,20,1,0,1,1,1,0,1,-1
0,20,2,1,32,1,4,2,0,2,1,1,20,1,0,1,1,1,0,1,-1
0,20,2,1,31,1,4,2,0,2,1,1,20,1,0,1,1,1,0,1,-1
0,20,2,1,31,1,4,2,0,2,1,0,20,1,0,1,1,1,0,1,-1
0,20,1,1,31,1,4,2,0,2,1,0,20,1,0,1,1,1,0,1,-1
0,20,1,1,31,1,4,2,0,2,1,0,20,1,0,1,1,1,1,1,-1
0,20,0,1,31,1,4,2,0,2,1,0,20,1,0,1,1,1,0,1,-1
0,20,0,1,31,1,4,2,0,2,1,1,20,1,0,1,1,1,0,1,-1
0,20,0,1,31,1,4,2,0,2,1,1,20,1,0,1,2,1,0,1,-1
0,20,0,2,31,1,4,2,0,2,1,1,20,1,0,1,2,1,0,1,-1
0,20,0,2,31,1,4,2,0,2,1,1,20,2,0,1,2,1,0,1,-1
0,20,0,2,31,1,4,2,0,1,1,1,20,2,0,1,2,1,0,1,-1
0,20,0,2,31,1,4,2,0,1,2,1,20,2,0,1,2,1,0,1,-1
0,21,0,2,31,1,4,2,0,1,2,1,20,2,0,1,2,1,0,1,-1
0,21,0,2,31,1,4,2,0,1,2,1,20,2,0,1,2,1,1,1,-1
0,21,1,2,31,1,4,2,0,1,2,1,20,2,0,1,2,1,1,1,-1
0,21,1,2,31,1,3,2,0,1,2,1,20,2,0,1,2,1,1,1,-1
0,21,1,2,31,1,3,2,0,1,2,1,20,2,0,1,1,1,1,1,-1
0,21,1,2,32,1,3,2,0,1,2,1,20,2,0,1,1,1,1,1,-1
0,21,1,2,32,1,3,2,0,0,2,1,20,2,0,1,1,1,1,1,-1
0,22,1,2,32,1,3,2,0,0,2,1,20,2,0,1,1,1,1,1,-1
0,22,1,2,32,1,3,2,0,0,2,1,19,2,0,1,1,1,1,1,-1
0,22,1,2,32,1,3,2,0,0,2,1,19,2,0,1,1,1,0,1,-1
0,22,1,2,33,1,3,2,0,0,2,1,19,2,0,1,1,1,0,1,-1
0,22,1,2,33,2,3,2,0,0,2,1,19,2,0,1,1,1,0,1,-1
0,22,0,2,33,2,3,2,0,0,2,1,19,2,0,1,1,1,0,1,-1
0,22,0,2,33,2,4,2,0,0,2,1,19,2,0,1,1,1,0,1,-1
0,22,0,2,33,2,4,2,0,0,2,1,19,1,0,1,1,1,0,1,-1
0,21,0,2,33,2,4,2,0,0,2,1,19,1,0,1,1,1,0,1,-1
0,21,0,2,33,3,4,2,0,0,2,1,19,1,0,1,1,1,0,1,-1
0,21,0,2,33,3,4,2,0,0,1,1,19,1,0,1,1,1,0,1,-1
0,21,0,2,33,3,4,2,0,0,1,1,19,1,0,1,1,1,1,1,-1
0,21,0,2,33,2,4,2,0,0,1,1,19,1,0,1,1,1,1,1,-1
0,21,0,2,33,2,4,2,0,0,1,1,19,1,1,1,1,1,1,1,-1
0,21,0,2,33,3,4,2,0,0,1,1,19,1,1,1,1,1,1,1,-1
0,21,0,2,33,3,4,2,0,0,2,1,19,1,1,1,1,1,1,1,-1
0,21,0,2,33,2,4,2,0,0,2,1,19,1,1,1,1,1,1,1,-1
0,21,0,2,34,2,4,2,0,0,2,1,19,1,1,1,1,1,1,1,-1
0,21,0,2,34,2,4,2,0,0,1,1,19,1,1,1,1,1,1,1,-1
0,21,0,2,34,2,4,2,0,0,1,1,19,1,1,1,1,1,0,1,-1
0,21,0,2,34,3,4,2,0,0,1,1,19,1,1,1,1,1,0,1,-1
0,21,0,2,34,3,4,3,0,0,1,1,19,1,1,1,1,1,0,1,-1
0,21,0,2,34,3,4,3,0,0,1,1,19,1,1,1,1,1,1,1,-1
0,21,0,2,34,3,3,3,0,0,1,1,19,1,1,1,1,1,1,1,-1
0,21,0,2,34,3,3,3,0,0,1,1,19,1,1,1,0,1,1,1,-1
0,21,0,1,34,3,3,3,0,0,1,1,19,1,1,1,0,1,1,1,-1
0,21,0,1,34,3,3,3,0,0,1,1,20,1,1,1,0,1,1,1,-1
0,21,0,1,34,3,3,3,0,0,1,1,20,2,1,1,0,1,1,1,-1
0,21,0,1,34,3,2,3,0,0,1,1,20,2,1,1,0,1,1,1,-1
0,21,0,1,34,3,2,3,0,0,2,1,20,2,1,1,0,1,1,1,-1
0,21,1,1,34,3,2,3,0,0,2,1,20,2,1,1,0,1,1,1,-1
0,21,2,1,34,3,2,3,0,0,2,1,20,2,1,1,0,1,1,1,-1
0,21,2,1,34,4,2,3,0,0,2,1,20,2,1,1,0,1,1,1,-1
0,21,2,1,34,4,2,3,0,0,2,1,20,1,1,1,0,1,1,1,-1
0,21,2,1,34,4,2,3,0,0,2,1,20,1,2,1,0,1,1,1,-1
0,21,2,1,34,4,2,3,0,0,2,1,20,1,2,1,0,1,0,1,-1
0,21,2,1,34,4,3,3,0,0,2,1,20,1,2,1,0,1,0,1,-1
0,21,2,1,34,4,3,3,0,0,2,1,20,1,2,1,1,1,0,1,-1
0,21,2,1,34,4,3,3,0,0,2,1,20,0,2,1,1,1,0,1,-1
0,21,2,1,34,4,3,2,0,0,2,1,20,0,2,1,1,1,0,1,-1
0,21,2,1,34,4,3,2,0,0,2,0,20,0,2,1,1,1,0,1,-1
0,21,2,2,34,4,3,2,0,0,2,0,20,0,2,1,1,1,0,1,-1
0,21,2,2,34,4,3,1,0,0,2,0,20,0,2,1,1,1,0,1,-1
0,21,2,2,34,4,2,1,0,0,2,0,20,0,2,1,1,1,0,1,-1
0,21,2,3,34,4,2,1,0,0,2,0,20,0,2,1,1,1,0,1,-1
0,21,2,3,34,4,2,1,0,0,2,0,20,0,1,1,1,1,0,1,-1
0,21,2,3,34,4,2,1,0,0,3,0,20,0,1,1,1,1,0,1,-1
0,21,2,2,34,4,2,1,0,0,3,0,20,0,1,1,1,1,0,1,-1
0,21,2,2,34,4,2,2,0,0,3,0,20,0,1,1,1,1,0,1,-1
0,24,2,2,17,0,1,4,0,1,1,1,24,1,1,1,1,1,0,1,-1
1,11,2,2,15,3,1,4,0,0,1,0,20,2,1,1,2,1,1,0,1
1,11,2,2,15,3,1,4,0,0,1,0,20,2,1,2,2,1,1,0,1
1,11,2,2,15,3,1,4,0,0,1,0,20,2,1,2,2,2,1,0,1
1,11,2,2,15,2,1,4,0,0,1,0,20,2,1,2,2,2,1,0,1
1,11,2,2,15,2,1,4,0,0,1,0,20,2,0,2,2,2,1,0,1
1,11,2,2,15,2,1,4,0,0,1,0,20,2,0,3,2,2,1,0,1
1,11,2,3,15,2,1,4,0,0,1,0,20,2,0,3,2,2,1,0,1
1,10,2,3,15,2,1,4,0,0,1,0,20,2,0,3,2,2,1,0,1
1,10,2,2,15,2,1,4,0,0,1,0,20,2,0,3,2,2,1,0,1
1,10,2,2,15,2,1,4,0,0,1,0,20,2,0,3,2,2,0,0,1
1,10,1,2,15,2,1,4,0,0,1,0,20,2,0,3,2,2,0,0,1
1,10,1,2,15,2,1,4,0,0,1,0,20,1,0,3,2,2,0,0,1
1,10,1,2,16,2,1,4,0,0,1,0,20,1,0,3,2,2,0,0,1
1,10,1,2,16,2,1,4,0,0,1,0,20,0,0,3,2,2,0,0,1
1,10,1,2,16,2,2,4,0,0,1,0,20,0,0,3,2,2,0,0,1
1,10,1,2,16,2,2,4,0,0,1,0,20,0,0,2,2,2,0,0,1
1,11,1,2,16,2,2,4,0,0,1,0,20,0,0,2,2,2,0,0,1
1,11,1,3,16,2,2,4,0,0,1,0,20,0,0,2,2,2,0,0,1
1,11,1,3,16,2,2,4,0,0,1,0,20,1,0,2,2,2,0,0,1
1,10,1,3,16,2,2,4,0,0,1,0,20,1,0,2,2,2,0,0,1
1,10,1,3,16,2,2,4,0,0,1,0,20,1,0,2,2,1,0,0,1
1,10,1,3,16,2,2,4,0,0,1,0,19,1,0,2,2,1,0,0,1
1,10,1,3,16,2,3,4,0,0,1,0,19,1,0,2,2,1,0,0,1
1,10,0,3,16,2,3,4,0,0,1,0,19,1,0,2,2,1,0,0,1
1,10,0,4,16,2,3,4,0,0,1,0,19,1,0,2,2,1,0,0,1
1,10,0,4,16,2,3,4,0,0,1,0,19,1,0,2,3,1,0,0,1
1,10,0,4,16,2,3,4,0,0,1,1,19,1,0,2,3,1,0,0,1
1,10,0,4,16,2,3,3,0,0,1,1,19,1,0,2,3,1,0,0,1
1,10,0,5,16,2,3,3,0,0,1,1,19,1,0,2,3,1,0,0,1
1,10,0,4,16,2,3,3,0,0,1,2,19,1,0,2,3,1,0,0,1
1,10,0,4,16,2,3,3,0,0,1,2,20,1,0,2,3,1,0,0,1
1,10,0,3,16,2,3,3,0,0,1,2,20,1,0,2,3,1,0,0,1
0,10,0,3,16,2,3,3,0,0,1,2,20,1,0,2,3,1,0,0,1
0,10,0,3,16,2,3,3,0,0,1,2,20,1,0,3,3,1,0,0,1
0,10,0,3,17,2,3,3,0,0,1,2,20,1,0,3,3,1,0,0,1
0,10,0,3,17,2,3,3,0,0,1,2,20,1,0,3,3,1,1,0,1
0,10,0,3,16,2,3,3,0,0,1,2,20,1,0,3,3,1,1,0,1
0,10,0,3,16,2,3,2,0,0,1,2,20,1,0,3,3,1,1,0,1
0,10,0,3,16,3,3,2,0,0,1,2,20,1,0,3,3,1,1,0,1
0,10,0,3,16,3,3,2,0,0,2,2,20,1,0,3,3,1,1,0,1
0,11,0,3,16,3,3,2,0,0,2,2,20,1,0,3,3,1,1,0,1
0,11,0,3,16,3,3,2,0,0,2,2,21,1,0,3,3,1,1,0,1
0,11,0,3,16,3,3,2,0,0,2,2,21,1,0,2,3,1,1,0,1
0,11,0,3,16,4,3,2,0,0,2,2,21,1,0,2,3,1,1,0,1
0,11,0,3,16,4,3,2,0,0,2,2,21,1,0,2,3,1,1,1,1
0,11,0,3,16,4,3,1,0,0,2,2,21,1,0,2,3,1,1,1,1
0,11,0,3,16,4,3,1,0,0,2,2,21,1,0,2,3,1,1,0,1
0,11,0,4,16,4,3,1,0,0,2,2,21,1,0,2,3,1,1,0,1
0,11,0,5,16,4,3,1,0,0,2,2,21,1,0,2,3,1,1,0,1
0,11,0,5,16,3,3,1,0,0,2,2,21,1,0,2,3,1,1,0,1
0,11,0,5,16,4,3,2,0,0,2,2,21,1,0,2,3,1,1,0,1
0,11,0,5,16,4,3,2,0,0,2,2,21,1,0,2,3,1,1,1,1
0,11,0,5,16,4,3,2,0,0,2,2,21,1,1,2,3,1,1,1,1
0,11,0,5,16,4,3,2,0,0,2,2,21,1,2,2,3,1,1,1,1
0,11,0,5,16,4,3,2,0,0,2,2,20,1,2,2,3,1,1,1,1
0,10,0,5,16,4,3,2,0,0,2,2,20,1,2,2,3,1,1,1,1
0,10,0,5,16,4,3,2,0,0,2,2,19,1,2,2,3,1,1,1,1
0,10,0,5,16,4,3,2,0,0,2,2,19,0,2,2,3,1,1,1,1
0,10,0,5,16,4,3,2,0,0,2,2,19,0,2,3,3,1,1,1,1
0,10,0,5,16,3,3,2,0,0,2,2,19,0,2,3,3,1,1,1,1
0,10,0,6,16,3,3,2,0,0,2,2,19,0,2,3,3,1,1,1,1
0,10,0,6,16,3,3,1,0,0,2,2,19,0,2,3,3,1,1,1,1
0,10,0,6,16,3,3,1,0,0,2,2,19,0,2,2,3,1,1,1,1
0,10,0,7,16,3,3,1,0,0,2,2,19,0,2,2,3,1,1,1,1
0,10,0,7,16,2,3,1,0,0,2,2,19,0,2,2,3,1,1,1,1
0,10,0,7,16,2,2,1,0,0,2,2,19,0,2,2,3,1,1,1,1
0,10,0,7,16,2,2,1,0,0,2,2,19,0,2,1,3,1,1,1,1
0,10,0,7,16,2,2,1,0,0,2,2,19,0,2,2,2,1,1,1,1
0,10,0,7,16,2,2,1,0,0,2,2,19,0,2,2,2,1,1,0,1
0,10,0,7,16,2,2,2,0,0,2,2,19,0,2,2,2,1,1,0,1
0,10,0,7,16,1,2,2,0,0,2,2,19,0,2,2,2,1,1,0,1
0,10,0,7,16,1,2,2,0,0,2,2,19,0,2,3,2,1,1,0,1
1,10,0,7,16,1,2,2,0,0,2,2,19,0,2,3,2,1,1,0,1
1,11,0,7,16,1,2,2,0,0,2,2,19,0,2,3,2,1,1,0,1
1,11,0,7,16,2,2,2,0,0,2,2,19,0,2,3,2,1,1,0,1
1,11,0,7,16,2,3,2,0,0,2,2,19,0,2,3,2,1,1,0,1
1,11,0,7,16,2,3,2,0,0,2,2,19,0,2,2,2,1,1,0,1
1,11,0,7,16,2,3,3,0,0,2,2,19,0,2,2,2,1,1,0,1
1,11,0,7,16,2,3,3,0,0,2,2,19,0,1,2,2,1,1,0,1
1,11,0,7,16,3,3,3,0,0,2,2,19,0,1,2,2,1,1,0,1
1,11,1,7,16,3,3,3,0,0,2,2,19,0,1,2,2,1,1,0,1
1,11,1,7,15,3,3,3,0,0,2,2,19,0,1,2,2,1,1,0,1
1,11,1,7,15,3,3,3,0,0,2,2,19,0,2,2,2,1,1,0,1
1,11,2,7,15,3,3,3,0,0,2,2,19,0,2,2,2,1,1,0,1
1,11,2,7,15,3,3,3,0,0,2,2,19,0,2,2,2,1,1,1,1
0,30,2,2,24,1,3,4,0,0,4,0,23,2,0,1,2,1,0,0,-1
0,30,3,2,24,1,3,4,0,0,3,0,22,1,0,1,2,1,0,1,-1
0,30,3,2,24,1,3,4,0,0,4,0,22,1,0,1,2,1,0,1,-1
0,30,2,2,24,1,3,4,0,0,4,0,22,1,0,1,2,1,0,1,-1
0,30,2,2,24,1,3,3,0,0,4,0,22,1,0,1,2,1,0,1,-1
0,30,2,2,25,1,3,3,0,0,4,0,22,1,0,1,2,1,0,1,-1
0,30,2,2,25,1,3,3,0,0,3,0,22,1,0,1,2,1,0,1,-1
0,30,2,2,25,1,3,3,0,0,3,0,22,1,0,1,2,1,1,1,-1
0,30,2,2,25,1,3,3,0,0,4,0,22,1,0,1,2,1,1,1,-1
0,30,2,2,25,1,3,2,0,0,4,0,22,1,0,1,2,1,1,1,-1
0,30,2,2,25,1,3,2,0,0,4,0,22,1,1,1,2,1,1,1,-1
0,30,2,2,25,1,3,2,0,0,3,0,22,1,1,1,2,1,1,1,-1
0,30,3,2,25,1,3,2,0,0,3,0,22,1,1,1,2,1,1,1,-1
0,29,3,2,25,1,3,2,0,0,3,0,22,1,1,1,2,1,1,1,-1
0,29,3,2,25,1,3,3,0,0,3,0,22,1,1,1,2,1,1,1,-1
0,29,3,2,25,1,3,3,0,0,3,0,22,1,0,1,2,1,1,1,-1
0,29,3,2,25,1,3,3,0,0,4,0,22,1,0,1,2,1,1,1,-1
0,29,3,2,25,1,3,2,0,0,4,0,22,1,0,1,2,1,1,1,-1
0,29,3,2,25,1,3,2,0,0,4,0,22,1,1,1,2,1,1,1,-1
0,29,3,2,25,1,3,2,0,0,4,0,22,1,2,1,2,1,1,1,-1
0,29,3,2,25,1,3,2,0,1,4,0,22,1,2,1,2,1,1,1,-1
0,29,3,2,24,1,3,2,0,1,4,0,22,1,2,1,2,1,1,1,-1
0,29,3,2,24,1,3,2,0,0,4,0,22,1,2,1,2,1,1,1,-1
0,29,2,2,24,1,3,2,0,0,4,0,22,1,2,1,2,1,1,1,-1
0,29,2,2,24,1,3,2,0,0,3,0,22,1,2,1,2,1,1,1,-1
0,28,2,2,24,1,3,2,0,0,3,0,22,1,2,1,2,1,1,1,-1
0,28,2,2,24,2,3,2,0,0,3,0,22,1,2,1,2,1,1,1,-1
0,28,1,2,24,2,3,2,0,0,3,0,22,1,2,1,2,1,1,1,-1
0,28,1,2,24,2,3,2,0,0,3,0,22,0,2,1,2,1,1,1,-1
0,28,1,2,24,1,3,2,0,0,3,0,22,0,2,1,2,1,1,1,-1
0,27,1,2,24,1,3,2,0,0,3,0,22,0,2,1,2,1,1,1,-1
0,27,1,2,24,1,3,2,0,0,3,1,22,0,2,1,2,1,1,1,-1
0,27,1,2,24,1,3,2,0,1,3,1,22,0,2,1,2,1,1,1,-1
0,27,1,2,24,1,3,2,0,1,4,1,22,0,2,1,2,1,1,1,-1
0,27,1,2,24,1,3,1,0,1,4,1,22,0,2,1,2,1,1,1,-1
0,27,1,2,24,1,3,1,0,1,3,1,22,0,2,1,2,1,1,1,-1
0,27,0,2,24,1,3,1,0,1,3,1,22,0,2,1,2,1,1,1,-1
0,27,0,2,24,1,3,1,0,1,3,1,22,0,2,1,2,1,0,1,-1
0,27,0,2,24,1,3,2,0,1,3,1,22,0,2,1,2,1,0,1,-1
0,27,0,2,24,1,3,2,0,1,3,1,23,0,2,1,2,1,0,1,-1
0,27,0,2,24,1,3,2,0,1,3,1,23,0,1,1,2,1,0,1,-1
0,27,0,2,24,1,4,2,0,1,3,1,23,0,1,1,2,1,0,1,-1
0,27,0,2,24,1,4,2,0,1,3,0,23,0,1,1,2,1,0,1,-1
0,27,0,2,24,1,4,3,0,1,3,0,23,0,1,1,2,1,0,1,-1
0,27,0,2,24,1,4,3,0,1,4,0,23,0,1,1,2,1,0,1,-1
0,27,0,2,24,1,4,3,0,1,4,0,23,0,0,1,2,1,0,1,-1
0,27,0,2,24,1,4,4,0,1,4,0,23,0,0,1,2,1,0,1,-1
0,27,0,2,25,1,4,4,0,1,4,0,23,0,0,1,2,1,0,1,-1
0,24,2,2,30,0,2,2,0,0,2,0,24,2,0,1,1,1,0,1,-1
0,24,2,2,30,0,2,3,0,0,2,0,24,2,0,1,1,1,0,1,-1
0,23,2,2,30,0,2,3,0,0,2,0,24,2,0,1,1,1,0,1,-1
0,23,2,2,30,0,2,3,0,0,1,0,24,2,0,1,1,1,0,1,-1
0,23,2,2,30,0,2,4,0,0,1,0,24,2,0,1,1,1,0,1,-1
0,23,2,2,30,0,3,4,0,0,1,0,24,2,0,1,1,1,0,1,-1
0,23,2,1,30,0,2,4,0,0,1,0,24,2,0,1,1,1,0,1,-1
0,23,2,2,30,0,2,4,0,0,1,0,24,2,1,1,1,1,0,1,-1
0,23,2,2,30,0,2,4,0,1,1,0,24,2,1,1,1,1,0,1,-1
0,23,2,2,30,0,2,4,0,1,1,0,23,2,1,1,1,1,0,1,-1
0,23,2,3,30,0,2,4,0,1,1,0,23,2,1,1,1,1,0,1,-1
0,23,2,3,30,0,2,3,0,1,1,0,23,2,1,1,1,1,0,1,-1
0,23,2,3,30,0,2,3,0,1,1,0,23,1,1,1,1,1,0,1,-1
0,23,2,3,30,0,2,3,0,1,1,0,23,0,1,1,1,1,0,1,-1
0,23,2,3,30,0,2,3,0,1,1,0,22,0,1,1,1,1,0,1,-1
0,23,2,3,30,0,1,3,0,1,1,0,22,0,1,1,1,1,0,1,-1
0,23,2,3,30,0,1,2,0,1,1,0,22,0,1,1,1,1,0,1,-1
0,23,2,3,30,0,0,2,0,1,1,0,22,0,1,1,1,1,0,1,-1
0,23,2,3,30,0,0,2,0,1,1,0,22,0,1,1,2,1,0,1,-1
0,23,2,3,30,1,0,2,0,1,1,0,22,0,1,1,2,1,0,1,-1
0,23,2,3,30,1,0,2,0,1,1,0,23,0,1,1,2,1,0,1,-1
0,23,2,3,30,1,0,3,0,1,1,0,23,0,1,1,2,1,0,1,-1
0,23,2,3,30,1,0,3,0,1,2,0,23,0,1,1,2,1,0,1,-1
0,24,2,3,30,1,0,3,0,1,2,0,23,0,1,1,2,1,0,1,-1
0,24,2,3,30,1,0,2,0,1,2,0,23,0,1,1,2,1,0,1,-1
0,24,2,3,30,1,0,2,0,1,3,0,23,0,1,1,2,1,0,1,-1
0,24,2,3,30,1,0,2,0,1,3,1,23,0,1,1,2,1,0,1,-1
0,24,2,3,30,2,0,2,0,1,3,1,23,0,1,1,2,1,0,1,-1
0,24,3,3,30,1,0,2,0,1,3,1,23,0,1,1,2,1,0,1,-1
0,24,3,3,31,1,0,2,0,1,3,1,23,0,1,1,2,1,0,1,-1
0,24,3,3,31,1,0,2,0,1,3,1,23,0,2,1,2,1,0,1,-1
0,23,3,3,31,1,0,2,0,1,3,1,23,0,1,1,2,1,0,1,-1
0,23,3,3,31,1,0,2,0,1,3,1,23,0,1,1,3,1,0,1,-1
0,22,3,3,31,1,0,2,0,1,3,1,23,0,1,1,3,1,0,1,-1
0,22,3,3,31,2,0,2,0,1,3,1,23,0,1,1,3,1,0,1,-1
0,22,3,3,31,2,0,2,0,1,3,0,23,0,1,1,3,1,0,1,-1
0,22,3,2,31,2,0,2,0,1,3,0,23,0,1,1,3,1,0,1,-1
0,22,3,2,31,2,0,2,0,1,3,0,23,0,1,1,3,1,1,1,-1
0,22,3,2,31,2,0,2,0,0,3,0,23,0,1,1,3,1,1,1,-1
0,22,3,2,31,2,1,2,0,0,3,0,23,0,1,1,3,1,1,1,-1
0,22,3,2,31,2,1,3,0,0,3,0,23,0,1,1,3,1,1,1,-1
0,22,3,2,31,3,1,3,0,0,3,0,23,0,1,1,3,1,1,1,-1
0,21,3,2,31,2,1,3,0,0,3,0,23,0,1,1,3,1,1,1,-1
0,21,3,2,31,2,1,3,0,0,2,0,23,0,1,1,3,1,1,1,-1
0,21,3,2,31,2,2,3,0,0,2,0,23,0,1,1,3,1,1,1,-1
0,21,3,2,31,2,2,3,0,0,3,0,23,0,1,1,3,1,1,1,-1
0,5,2,1,13,2,0,1,0,0,2,1,23,2,0,1,0,1,1,0,1
0,5,2,1,13,2,0,1,0,0,2,1,23,2,0,1,0,2,1,0,1
0,5,2,1,13,2,0,1,0,0,2,1,23,2,0,1,1,2,1,0,1
0,5,2,1,13,2,0,2,0,0,2,1,23,2,0,1,1,2,1,0,1
0,5,2,1,13,2,0,2,0,0,1,1,23,2,0,1,1,2,1,0,1
0,5,2,1,13,2,0,2,0,0,2,2,23,2,0,1,1,2,1,0,1
0,5,2,1,13,2,0,1,0,0,2,2,23,2,0,1,1,2,1,0,1
0,5,2,1,13,2,0,1,0,0,2,2,24,2,0,1,1,2,1,0,1
0,5,2,1,13,2,0,1,0,0,2,2,24,1,0,1,1,2,1,0,1
0,5,2,1,13,2,0,1,0,0,2,2,24,1,0,1,1,1,1,0,1
0,5,2,1,13,2,0,1,0,0,2,2,24,1,0,1,2,1,1,0,1
0,5,2,1,13,2,0,1,0,0,2,2,24,0,0,1,2,1,1,0,1
0,5,2,1,14,2,0,1,0,0,2,2,24,0,0,1,2,1,1,0,1
0,5,2,1,14,2,0,1,0,0,2,1,24,0,0,1,2,1,1,0,1
0,5,2,1,15,2,0,1,0,0,2,1,24,0,0,1,2,1,1,0,1
0,5,2,1,14,2,0,1,0,0,1,1,24,0,0,1,2,1,1,0,1
0,4,2,1,14,2,0,1,0,0,1,1,24,0,0,1,2,1,1,0,1
0,4,2,1,15,2,0,1,0,0,1,1,24,0,0,1,2,1,1,0,1
0,4,2,1,16,2,0,1,0,0,1,1,24,0,0,1,2,1,1,0,1
0,4,2,1,16,2,0,1,0,0,1,1,24,0,0,2,2,1,1,0,1
0,4,2,1,16,2,0,1,0,0,2,1,24,0,0,2,2,1,1,0,1
0,4,2,1,16,2,0,1,0,0,1,1,24,1,0,2,2,1,1,0,1
0,4,2,1,16,2,1,1,0,0,1,1,24,0,0,2,2,1,1,0,1
0,4,2,1,16,2,1,1,0,0,1,1,24,0,0,2,2,2,1,0,1
0,4,2,1,16,2,1,1,0,0,1,1,24,0,1,2,2,1,1,0,1
0,4,1,1,16,2,1,1,0,0,1,1,24,0,1,2,2,1,1,0,1
0,4,1,1,16,2,1,1,0,0,2,1,24,0,1,2,2,1,1,0,1
0,5,1,1,16,2,1,1,0,0,2,1,24,0,1,2,2,1,1,0,1
1,5,1,1,16,2,1,1,0,0,2,1,24,0,1,2,2,1,1,0,1
1,5,1,1,16,2,1,1,0,0,2,1,24,1,1,2,2,1,1,0,1
1,5,1,1,16,2,1,1,0,0,2,1,24,1,1,1,2,1,1,0,1
1,5,1,1,16,2,1,1,0,0,1,1,24,1,1,1,2,1,1,0,1
1,5,1,1,16,2,1,1,0,0,1,1,24,1,1,1,2,1,0,0,1
1,5,1,1,17,2,1,1,0,0,1,1,24,1,1,1,2,1,0,0,1
1,5,1,1,17,2,1,1,0,0,2,1,24,1,1,1,2,1,0,0,1
1,5,1,1,17,2,1,1,0,0,2,2,24,1,1,1,2,1,0,0,1
1,5,1,0,17,2,1,1,0,0,2,2,24,1,1,1,2,1,0,0,1
1,5,1,0,17,2,1,1,0,0,2,2,24,1,1,1,3,1,0,0,1
1,4,1,0,17,2,1,1,0,0,2,2,24,1,1,1,3,1,0,0,1
1,4,1,0,17,2,1,1,0,0,2,2,24,1,1,1,3,1,1,0,1
0,4,1,0,17,2,1,1,0,0,2,2,24,1,1,1,3,1,1,0,1
0,4,1,0,18,2,1,1,0,0,2,2,24,1,1,1,3,1,1,0,1
0,4,1,0,18,2,1,1,0,0,2,2,24,2,1,1,3,1,1,0,1
0,4,1,0,18,2,2,1,0,0,2,2,24,2,1,1,3,1,1,0,1
0,4,1,0,18,2,2,1,0,0,2,2,24,2,1,2,3,1,1,0,1
0,4,1,0,18,2,2,2,0,0,2,2,24,2,1,2,3,1,1,0,1
0,4,1,0,18,2,2,2,0,0,2,2,24,2,1,2,3,2,1,0,1
0,4,1,0,18,2,2,2,0,0,2,2,24,2,1,2,3,2,1,1,1
0,4,1,0,18,2,2,2,0,0,2,2,24,2,1,1,3,2,1,1,1
0,4,1,0,18,2,2,2,0,0,1,2,24,2,1,1,3,2,1,1,1
0,4,1,0,19,2,2,2,0,0,1,2,24,2,1,1,3,2,1,1,1
0,4,1,0,19,2,2,2,0,0,1,2,25,2,1,1,3,2,1,1,1
0,4,1,0,19,2,2,2,0,0,1,2,25,1,1,1,3,2,1,1,1
0,4,1,0,19,3,2,2,0,0,1,2,25,1,1,1,3,2,1,1,1
1,4,1,0,19,3,2,2,0,0,1,2,25,1,1,1,3,2,1,1,1
1,4,1,0,18,3,2,2,0,0,1,2,25,1,1,1,3,2,1,1,1
1,4,0,0,18,3,2,2,0,0,1,2,25,1,1,1,3,2,1,1,1
1,4,0,0,18,3,2,2,0,0,1,2,25,1,1,1,3,1,1,1,1
1,4,0,0,18,3,3,2,0,0,1,2,25,1,1,1,3,1,1,1,1
1,4,0,0,19,3,3,2,0,0,1,2,25,1,1,1,3,1,1,1,1
1,4,0,0,19,3,2,2,0,0,1,2,25,1,1,1,3,1,1,1,1
1,4,0,0,19,3,2,2,0,0,1,2,25,1,1,1,3,2,1,1,1
1,4,0,0,19,3,2,2,0,0,2,2,25,1,1,1,3,2,1,1,1
1,4,0,0,19,3,2,2,0,0,2,2,25,1,1,1,2,2,1,1,1
1,4,0,0,19,3,2,2,0,0,1,2,25,1,1,1,2,2,1,1,1
1,4,0,0,19,3,2,2,0,0,1,2,25,1,2,1,2,2,1,1,1
1,4,0,0,19,3,2,3,0,0,1,2,25,1,2,1,2,2,1,1,1
1,4,0,0,19,3,2,3,0,0,1,2,25,0,2,1,2,2,1,1,1
1,4,0,0,19,3,2,3,0,0,1,2,25,0,2,1,1,2,1,1,1
1,4,0,0,19,3,2,3,0,0,2,2,25,0,2,1,1,2,1,1,1
1,4,0,0,19,3,2,3,0,0,2,2,25,1,2,1,1,2,1,1,1
1,4,0,0,19,3,2,3,0,0,2,1,25,1,2,1,1,2,1,1,1
1,4,0,0,19,3,2,3,0,0,1,1,25,1,2,1,1,2,1,1,1
1,4,0,0,19,3,2,3,0,0,2,1,26,1,2,1,1,2,1,1,1
1,7,2,3,23,3,3,1,0,0,2,0,22,1,0,3,0,1,1,1,1
0,9,2,3,23,4,3,1,0,0,2,0,24,0,0,2,0,2,1,0,1
0,9,2,3,23,4,3,1,0,0,1,0,24,0,0,2,0,2,1,0,1
0,9,2,3,22,4,3,1,0,0,1,0,24,0,0,2,0,2,1,0,1
0,9,2,3,21,4,3,1,0,0,1,0,24,0,0,2,0,2,1,0,1
0,9,2,3,21,4,3,1,0,0,2,0,24,0,0,2,0,2,1,0,1
0,9,2,3,21,4,3,1,0,0,2,0,24,0,1,2,0,2,1,0,1
0,9,2,3,21,4,3,1,0,0,1,0,24,0,1,2,0,2,1,0,1
0,9,2,3,21,4,3,1,0,0,1,0,24,0,1,2,0,1,1,0,1
0,9,1,3,21,4,3,1,0,0,1,0,24,0,1,2,0,1,1,0,1
0,9,1,3,21,4,3,1,0,0,1,0,24,0,0,2,0,1,1,0,1
0,9,1,3,21,4,3,1,0,0,1,0,24,0,0,2,0,1,0,0,1
0,9,1,3,22,4,3,1,0,0,1,0,24,0,0,2,0,1,0,0,1
0,9,1,3,22,4,3,1,0,0,1,0,24,0,0,1,0,1,0,0,1
0,9,1,3,22,4,3,1,0,0,1,0,24,1,0,1,0,1,0,0,1
1,9,1,3,22,4,3,1,0,0,1,0,24,1,0,1,0,1,0,0,1
1,9,2,3,22,4,3,1,0,0,1,0,24,1,0,1,0,1,0,0,1
1,9,2,3,22,4,3,1,0,0,1,0,24,1,0,1,0,1,0,1,1
1,9,2,3,22,4,3,1,0,0,2,0,24,1,0,1,0,1,0,1,1
0,9,2,3,22,4,3,1,0,0,2,0,24,1,0,1,0,1,0,1,1
0,9,2,3,22,4,3,1,0,0,2,0,24,1,1,1,0,1,0,1,1
0,9,2,3,22,4,3,1,0,0,1,0,24,1,1,1,0,1,0,1,1
0,9,2,3,22,4,3,1,0,0,1,0,24,1,1,1,0,1,0,0,1
0,9,2,3,22,4,3,1,0,0,2,0,24,1,1,1,0,1,0,0,1
0,9,2,3,22,4,3,1,0,0,2,0,24,2,1,1,0,1,0,0,1
0,9,2,3,23,4,3,1,0,0,2,0,24,2,1,1,0,1,0,0,1
0,10,2,3,23,4,3,1,0,0,2,0,24,2,1,1,0,1,0,0,1
0,10,2,3,23,4,3,1,0,0,1,0,24,2,1,1,0,1,0,0,1
0,10,2,3,23,4,3,1,0,0,1,1,24,2,1,1,0,1,0,0,1
0,10,2,3,24,4,3,1,0,0,1,1,24,2,1,1,0,1,0,0,1
0,9,2,3,24,4,3,1,0,0,1,1,24,2,1,1,0,1,0,0,1
0,9,1,3,24,4,3,1,0,0,1,1,24,2,1,1,0,1,0,0,1
0,9,1,3,24,3,3,1,0,0,1,1,24,2,1,1,0,1,0,0,1
0,9,1,2,24,3,3,1,0,0,1,1,24,2,1,1,0,1,0,0,1
0,9,1,2,24,3,3,1,0,0,1,1,24,2,1,2,0,1,0,0,1
0,9,0,2,24,3,3,1,0,0,1,1,24,2,1,2,0,1,0,0,1
0,9,0,2,24,3,3,1,0,0,1,1,24,2,1,2,0,1,0,1,1
0,9,0,2,24,3,3,2,0,0,1,1,24,2,1,2,0,1,0,1,1
0,9,1,2,24,3,3,2,0,0,1,1,24,2,1,2,0,1,0,1,1
0,9,1,2,24,3,3,2,0,0,1,1,24,2,1,1,0,1,0,1,1
0,9,1,2,24,3,3,2,0,0,2,1,24,2,1,1,0,1,0,1,1
0,9,0,2,24,3,3,2,0,0,2,1,24,2,1,1,0,1,0,1,1
1,9,0,2,24,3,3,2,0,0,2,1,24,2,1,1,0,1,0,1,1
1,9,0,2,24,3,2,2,0,0,2,1,24,2,1,1,0,1,0,1,1
1,9,1,2,24,3,2,2,0,0,2,1,24,2,1,1,0,1,0,1,1
1,9,1,2,24,3,2,1,0,0,2,1,24,2,1,1,0,1,0,1,1
1,9,1,2,24,3,2,1,0,0,2,2,24,2,1,1,0,1,0,1,1
1,9,1,2,24,3,2,1,0,0,2,2,23,2,1,1,0,1,0,1,1
1,9,1,2,24,3,2,1,0,0,1,2,23,2,1,1,0,1,0,1,1
0,9,1,2,24,3,2,1,0,0,1,2,23,2,1,1,0,1,0,1,1
0,9,1,2,24,3,2,1,0,0,1,2,23,2,2,1,0,1,0,1,1
0,9,1,2,24,3,2,1,0,0,1,1,23,2,2,1,0,1,0,1,1
0,8,1,2,24,3,2,1,0,0,1,1,23,2,2,1,0,1,0,1,1
0,8,1,2,24,3,2,1,0,0,1,1,23,1,2,1,0,1,0,1,1
1,8,1,2,24,3,2,1,0,0,1,1,23,2,2,1,0,1,0,1,1
1,8,1,2,24,3,2,1,0,0,1,1,23,2,2,1,0,1,0,0,1
1,8,2,2,24,3,2,1,0,0,1,1,23,2,2,1,0,1,0,0,1
1,8,2,2,24,4,2,1,0,0,1,1,23,2,2,1,0,1,0,0,1
1,8,2,2,24,4,2,1,0,0,1,2,23,2,2,1,0,1,0,0,1
1,8,2,2,24,4,2,1,0,0,1,2,23,2,2,1,0,1,0,1,1
1,9,2,2,24,4,2,1,0,0,1,2,23,2,2,1,0,1,0,1,1
1,9,2,2,25,4,2,1,0,0,1,2,23,2,2,1,0,1,0,1,1
1,9,2,2,25,4,2,1,0,0,1,1,23,2,2,1,0,1,0,1,1
1,9,2,2,25,4,2,1,0,0,1,1,23,2,2,2,0,1,0,1,1
1,9,2,2,25,4,2,1,0,0,1,1,23,2,2,2,0,1,1,1,1
1,9,2,2,25,3,2,1,0,0,1,1,23,2,2,2,0,1,1,1,1
1,9,2,2,25,3,3,1,0,0,1,1,23,2,2,2,0,1,1,1,1
1,9,2,2,25,3,3,1,0,0,1,2,23,2,2,2,0,1,1,1,1
1,9,2,3,25,3,3,1,0,0,1,2,23,2,2,2,0,1,1,1,1
1,9,1,3,25,3,3,1,0,0,1,2,23,2,2,2,0,1,1,1,1
1,9,1,3,25,2,3,1,0,0,1,2,23,2,2,2,0,1,1,1,1
1,9,0,3,25,2,3,1,0,0,1,2,23,2,2,2,0,1,1,1,1
0,9,0,3,25,2,3,1,0,0,1,2,23,2,2,2,0,1,1,1,1
0,9,0,3,25,2,3,2,0,0,1,2,23,2,2,2,0,1,1,1,1
0,9,1,3,25,2,3,2,0,0,1,2,23,2,2,2,0,1,1,1,1
0,9,1,3,25,2,3,2,0,0,2,2,23,2,2,2,0,1,1,1,1
0,9,1,3,25,2,3,2,0,0,2,1,23,2,2,2,0,1,1,1,1
0,9,1,3,25,2,3,2,0,0,2,2,23,1,2,2,0,1,1,1,1
0,9,1,3,25,2,3,2,0,0,2,2,23,0,2,2,0,1,1,1,1
0,9,1,3,25,2,3,3,0,0,2,2,23,0,2,2,0,1,1,1,1
0,9,1,3,25,2,3,3,0,0,2,1,23,0,2,2,0,1,1,1,1
0,9,1,3,26,2,3,3,0,0,2,1,23,0,2,2,0,1,1,1,1
0,9,1,3,26,2,3,3,0,0,2,1,23,1,2,2,0,1,1,1,1
0,9,1,2,26,2,3,3,0,0,2,1,23,1,2,2,0,1,1,1,1
0,9,2,2,26,2,3,3,0,0,2,1,23,1,2,2,0,1,1,1,1
0,9,2,2,26,2,3,3,0,0,2,1,23,1,2,3,0,1,1,1,1
0,9,2,2,26,1,3,3,0,0,2,2,23,1,2,2,0,1,1,0,1
0,9,2,2,26,0,3,3,0,0,2,2,23,1,2,2,0,1,1,0,1
0,9,2,2,26,0,3,3,0,0,2,2,23,1,2,2,0,1,1,1,1
0,9,2,2,26,0,3,3,0,0,2,2,23,0,2,2,0,1,1,1,1
0,9,2,2,26,0,3,3,0,0,2,2,23,0,2,1,0,1,1,1,1
0,9,2,2,26,0,3,3,0,0,2,2,23,0,2,1,1,1,1,1,1
0,9,2,2,26,1,3,3,0,0,2,2,23,0,2,1,1,1,1,1,1
0,9,2,2,26,1,3,3,0,0,2,2,24,0,2,1,1,1,1,1,1
0,9,2,1,26,1,3,3,0,0,2,2,24,0,2,1,1,1,1,1,1
0,8,2,1,26,1,3,3,0,0,2,2,24,0,2,1,1,1,1,1,1
0,8,2,1,26,1,3,3,0,0,2,2,24,1,2,1,1,1,1,1,1
0,8,2,1,26,1,3,3,0,0,2,2,24,1,2,1,1,1,0,1,1
0,8,2,1,26,1,3,3,0,0,2,2,24,1,2,1,1,1,0,0,1
0,8,2,1,26,1,3,3,0,0,2,2,24,2,2,1,1,1,0,0,1
0,8,2,1,26,1,3,4,0,0,2,2,24,2,2,1,1,1,0,0,1
0,8,2,1,26,1,3,4,0,0,2,2,24,2,2,1,0,1,0,0,1
0,5,2,1,28,1,4,2,0,0,4,1,24,0,0,4,0,1,0,1,-1
0,5,2,1,29,1,4,2,0,0,4,1,24,0,0,4,0,1,0,1,-1
1,5,2,1,29,1,4,2,0,0,4,1,24,0,0,4,0,1,0,1,-1
1,6,2,1,29,1,4,2,0,0,4,1,24,0,0,4,0,1,0,1,-1
1,6,2,1,29,1,4,2,0,0,4,1,24,0,0,4,1,1,0,1,-1
1,6,2,1,29,1,4,2,0,0,4,1,24,0,0,4,1,2,0,1,-1
1,6,2,1,29,1,4,2,0,0,4,2,24,0,0,4,1,2,0,1,-1
1,6,2,1,29,1,4,2,0,0,4,2,24,0,0,3,1,2,0,1,-1
1,6,2,1,29,1,4,2,0,0,4,2,24,0,0,3,0,2,0,1,-1
1,6,2,1,29,1,4,2,0,0,3,2,24,0,0,3,0,2,0,1,-1
1,6,2,1,29,1,4,2,0,0,3,1,24,0,0,3,0,2,0,1,-1
1,6,2,1,29,1,4,2,0,0,4,1,24,0,0,3,0,2,0,1,-1
1,6,2,2,29,1,4,2,0,0,4,1,24,0,0,3,0,2,0,1,-1
1,5,2,2,29,1,4,2,0,0,4,1,24,0,0,3,0,2,0,1,-1
1,5,2,2,29,1,4,2,0,0,4,1,24,0,0,4,0,2,0,1,-1
1,5,2,2,29,1,4,3,0,0,4,1,24,0,0,4,0,2,0,1,-1
1,5,2,2,29,1,4,3,0,0,4,1,24,0,0,4,0,2,0,0,-1
1,5,2,2,28,1,4,3,0,0,4,1,24,0,0,4,0,2,0,0,-1
1,5,2,2,29,1,3,3,0,0,4,1,24,0,0,4,0,2,0,0,-1
1,5,2,2,29,1,3,3,0,0,4,1,24,0,0,4,0,2,1,0,-1
1,5,2,2,29,1,3,2,0,0,4,1,24,0,0,4,0,2,1,0,-1
0,5,2,2,29,1,3,2,0,0,4,1,24,0,0,4,0,2,1,0,-1
0,5,2,2,29,1,3,2,0,0,4,2,24,0,0,4,0,2,1,0,-1
0,6,2,2,29,1,3,2,0,0,4,2,24,0,0,4,0,2,1,0,-1
0,24,2,0,13,4,1,4,0,0,4,0,25,2,0,1,2,1,0,0,-1
0,24,2,0,13,4,1,4,0,0,4,0,25,2,0,1,3,1,0,0,-1
0,24,2,0,13,4,1,4,0,0,4,1,25,2,0,1,3,1,0,0,-1
0,24,2,0,13,4,1,4,0,1,4,1,25,2,0,1,3,1,0,0,-1
0,24,2,0,13,4,1,4,0,2,4,1,25,2,0,1,3,1,0,0,-1
0,24,2,0,14,4,1,4,0,2,4,1,25,2,0,1,3,1,0,0,-1
0,24,2,0,15,4,1,4,0,2,4,1,25,2,0,1,3,1,0,0,-1
0,23,2,0,15,4,1,4,0,2,4,1,25,2,0,1,3,1,0,0,-1
0,23,2,0,15,4,1,4,0,2,4,1,25,1,0,1,3,1,0,0,-1
0,23,1,0,15,4,1,4,0,2,4,1,25,1,0,1,3,1,0,0,-1
0,23,1,0,15,4,2,4,0,2,4,1,25,1,0,1,3,1,0,0,-1
0,23,1,0,15,4,2,4,0,2,4,1,25,1,0,1,3,1,0,1,-1
0,22,1,0,15,4,2,4,0,2,4,1,25,1,0,1,3,1,0,1,-1
0,22,2,0,15,4,2,4,0,2,4,1,25,1,0,1,3,1,0,1,-1
0,22,2,0,15,4,3,4,0,2,4,1,25,1,0,1,3,1,0,1,-1
0,22,2,0,15,4,3,4,0,2,4,1,25,2,0,1,3,1,0,1,-1
0,13,2,1,14,3,0,3,0,0,4,1,27,2,2,4,0,2,1,1,-1
0,13,2,1,14,3,0,4,0,0,4,1,27,2,2,4,0,2,1,1,-1
0,13,2,1,14,4,0,4,0,0,4,1,27,2,2,4,0,2,1,1,-1
0,13,2,1,15,3,0,4,0,0,4,1,27,2,2,4,0,2,1,1,-1
0,13,2,1,15,2,0,4,0,0,4,1,27,2,2,4,0,2,1,1,-1
0,13,2,1,15,2,0,4,0,0,4,1,27,2,2,4,0,1,1,1,-1
0,13,2,1,15,3,0,4,0,0,4,1,27,2,2,4,0,1,1,1,-1
0,13,2,2,15,3,0,4,0,0,4,1,27,2,2,4,0,1,1,1,-1
0,13,2,2,15,3,1,4,0,0,4,1,27,2,2,4,0,1,1,1,-1
0,13,1,2,15,3,0,4,0,0,4,1,27,2,2,4,0,1,1,1,-1
0,13,1,2,15,3,1,4,0,0,4,1,27,2,2,4,0,1,1,1,-1
0,12,1,2,15,3,1,4,0,0,4,1,27,2,2,4,0,1,1,1,-1
0,12,1,2,15,4,1,4,0,0,4,1,27,2,2,4,0,1,1,1,-1
1,12,1,2,15,4,1,4,0,0,4,1,27,2,2,4,0,1,1,1,-1
1,12,2,2,15,4,1,4,0,0,4,1,27,2,2,4,0,1,1,1,-1
1,12,2,2,15,4,1,4,0,0,4,2,27,2,2,4,0,1,1,1,-1
1,12,2,2,15,4,1,4,0,0,4,2,27,2,2,4,0,1,1,0,-1
1,12,2,2,14,4,1,4,0,0,4,2,27,2,2,4,0,1,1,0,-1
1,12,1,2,14,4,1,4,0,0,4,2,27,2,2,4,0,1,1,0,-1
1,12,1,2,14,4,2,4,0,0,4,2,27,2,2,4,0,1,1,0,-1
1,12,1,2,14,4,2,3,0,0,4,2,27,2,2,4,0,1,1,0,-1
1,12,1,1,14,4,2,3,0,0,4,2,27,2,2,4,0,1,1,0,-1
1,12,1,1,15,4,2,3,0,0,4,2,27,2,2,4,0,1,1,0,-1
0,12,1,1,15,4,2,3,0,0,4,2,27,2,2,4,0,1,1,0,-1
0,12,1,1,15,4,2,3,0,0,4,2,27,1,2,4,0,1,1,0,-1
0,12,1,1,15,4,2,3,0,0,4,2,27,0,2,4,0,1,1,0,-1
0,12,2,1,15,4,2,3,0,0,4,2,27,0,2,4,0,1,1,0,-1
0,12,2,1,14,4,2,3,0,0,4,2,27,0,2,4,0,1,1,0,-1
0,12,2,1,15,4,2,3,0,0,4,2,28,0,2,4,0,1,1,0,-1
0,12,2,1,15,3,2,3,0,0,4,2,28,0,2,4,0,1,1,0,-1
0,12,2,1,15,3,2,3,0,0,4,2,28,0,2,4,0,1,0,0,-1
0,12,2,1,15,4,2,3,0,0,4,2,28,0,2,4,0,1,0,0,-1
0,12,2,1,15,4,2,3,0,0,4,1,28,0,2,4,0,1,0,0,-1
0,12,2,1,15,4,2,3,0,0,4,0,28,0,2,4,0,1,0,0,-1
0,13,2,1,15,4,2,3,0,0,4,0,28,0,2,4,0,1,0,0,-1
0,13,2,1,15,4,2,3,0,0,4,0,28,0,2,3,0,1,0,0,-1
0,13,2,1,15,4,2,3,0,0,4,0,29,0,2,3,0,1,0,0,-1
1,13,2,1,15,4,2,3,0,0,4,0,29,0,2,3,0,1,0,0,-1
1,13,2,1,15,4,2,4,0,0,4,0,29,0,2,3,0,1,0,0,-1
0,12,0,4,61,0,2,4,0,0,2,1,28,2,0,2,2,1,1,0,1
0,12,0,4,61,0,2,4,0,0,1,1,28,2,0,2,2,1,1,0,1
0,12,0,4,61,0,2,4,0,0,1,0,28,2,0,2,2,1,1,0,1
0,12,0,4,61,0,2,4,0,0,1,0,28,2,0,1,2,1,1,0,1
0,12,0,4,61,0,2,4,0,0,1,0,28,2,0,1,2,1,1,1,1
1,12,0,4,61,0,2,4,0,0,1,0,28,2,0,1,2,1,1,1,1
1,12,0,4,61,0,2,4,0,0,2,0,28,2,0,1,2,1,1,1,1
0,12,0,4,61,0,2,4,0,0,2,0,28,2,0,1,2,1,1,1,1
0,12,0,4,61,0,2,4,0,0,2,0,28,2,1,1,2,1,1,1,1
1,12,0,4,61,0,2,4,0,0,2,0,28,2,1,1,2,1,1,1,1
1,12,0,4,61,0,1,4,0,0,2,0,28,2,1,1,2,1,1,1,1
1,12,0,4,61,0,1,4,0,0,2,0,28,2,1,2,2,1,1,1,1
1,12,0,4,61,0,1,4,0,0,1,0,28,2,1,2,2,1,1,1,1
1,12,0,4,61,0,1,4,0,0,2,0,28,2,1,2,1,1,1,1,1
1,12,0,4,61,0,1,4,0,0,2,0,28,2,1,1,1,1,1,1,1
1,12,0,4,61,0,1,4,0,0,2,0,28,2,1,1,3,1,1,1,1
1,12,0,4,61,0,1,4,0,0,1,0,28,2,1,1,3,1,1,1,1
1,12,0,3,61,0,1,4,0,0,1,0,28,2,1,1,3,1,1,1,1
1,12,0,3,61,0,1,4,0,0,2,0,28,2,1,1,3,1,1,1,1
1,12,1,3,61,0,1,4,0,0,1,0,28,2,1,1,3,1,1,1,1
1,12,1,2,61,0,1,4,0,0,1,0,28,2,1,1,3,1,1,1,1
1,12,1,2,61,0,1,4,0,0,1,0,28,2,1,1,3,2,1,1,1
1,12,1,2,61,0,1,4,0,0,1,0,28,2,1,1,2,2,1,1,1
1,12,1,2,61,0,1,4,0,0,1,0,28,2,1,1,2,2,0,1,1
1,12,1,2,61,0,1,4,0,0,1,0,28,2,1,1,2,1,0,1,1
1,12,1,2,61,0,1,4,0,0,1,0,28,2,1,1,2,1,1,1,1
1,12,1,2,61,0,1,4,0,0,2,0,28,2,1,1,2,1,1,1,1
1,12,1,2,61,0,1,4,0,0,2,0,28,2,1,2,2,1,1,1,1
1,12,1,2,61,1,1,4,0,0,2,0,28,2,1,2,2,1,1,1,1
1,12,1,2,61,1,1,3,0,0,2,0,28,2,1,2,2,1,1,1,1
0,12,1,2,61,1,1,3,0,0,2,0,28,2,1,2,2,1,1,1,1
0,12,2,2,61,1,1,3,0,0,2,0,28,2,1,2,2,1,1,1,1
0,12,2,2,61,1,1,3,0,0,2,0,28,2,1,2,3,1,1,1,1
0,12,2,2,61,1,0,3,0,0,2,0,28,2,1,2,3,1,1,1,1
0,12,2,2,61,1,0,3,0,0,2,0,28,2,1,3,3,1,1,1,1
0,12,2,3,61,1,0,3,0,0,2,0,28,2,1,3,3,1,1,1,1
0,12,2,3,61,1,0,3,0,0,1,0,28,2,1,3,3,1,1,1,1
0,12,2,3,61,1,0,3,0,0,1,0,28,2,2,3,3,1,1,1,1
0,12,2,3,61,1,0,3,0,0,1,0,28,2,2,3,2,1,1,1,1
0,12,2,3,61,1,0,3,0,0,1,0,28,2,2,4,2,1,1,1,1
0,12,2,3,61,1,0,3,0,0,2,0,28,2,2,4,2,1,1,1,1
0,12,2,3,61,2,0,3,0,0,2,0,28,2,2,4,2,1,1,1,1
0,12,2,4,61,2,0,3,0,0,2,0,28,2,2,4,2,1,1,1,1
0,12,2,4,61,2,0,3,0,0,1,0,28,2,2,4,2,1,1,1,1
0,12,2,4,61,2,0,4,0,0,2,0,28,2,2,4,2,1,1,1,1
0,12,2,4,61,2,0,4,0,0,2,0,28,2,2,3,2,1,1,1,1
1,12,2,4,61,2,0,4,0,0,2,0,28,2,2,3,2,1,1,1,1
1,12,2,4,61,2,0,3,0,0,2,0,28,2,2,3,2,1,1,1,1
1,12,2,4,61,2,0,3,0,0,2,0,28,1,2,3,2,1,1,1,1
1,12,2,4,61,2,0,3,0,0,2,0,28,1,2,3,3,1,1,1,1
1,12,2,4,61,2,0,3,0,0,2,0,28,1,2,3,3,1,0,1,1
1,13,2,4,61,2,0,3,0,0,2,0,28,1,2,3,3,1,0,1,1
1,13,2,4,61,2,0,2,0,0,2,0,28,1,2,3,3,1,0,1,1
1,13,2,4,60,2,0,2,0,0,2,0,28,1,2,3,3,1,0,1,1
1,13,2,4,60,2,0,2,0,0,2,0,28,1,2,3,2,1,0,1,1
1,13,2,4,60,2,0,2,0,0,2,0,28,1,2,2,2,1,0,1,1
1,13,2,4,60,2,0,2,0,0,2,0,28,1,2,1,2,1,0,1,1
1,13,2,4,60,2,0,2,0,0,2,0,28,1,2,1,2,1,1,1,1
1,13,2,4,60,2,0,2,0,0,1,0,28,1,2,1,2,1,1,1,1
1,13,2,4,60,1,0,2,0,0,1,0,28,1,2,1,2,1,1,1,1
1,13,2,4,60,1,0,2,0,0,1,0,28,1,1,1,2,1,1,1,1
1,13,2,4,60,1,0,2,0,0,2,0,28,1,1,1,2,1,1,1,1
1,13,2,4,60,1,0,2,0,0,2,1,28,1,1,1,2,1,1,1,1
1,13,2,4,60,1,0,3,0,0,2,1,28,1,1,1,2,1,1,1,1
1,13,2,4,60,1,0,3,0,0,2,1,28,1,1,2,2,1,1,1,1
1,13,2,4,60,1,0,3,0,0,2,1,28,1,1,2,2,1,0,1,1
1,13,2,4,60,1,0,3,0,0,2,1,28,2,1,2,2,1,0,1,1
0,13,2,4,60,1,0,3,0,0,2,1,28,2,1,2,2,1,0,1,1
0,13,2,4,60,1,1,3,0,0,2,1,28,2,1,2,2,1,0,1,1
0,13,2,4,60,2,1,3,0,0,2,1,28,2,1,2,2,1,0,1,1
0,13,2,4,60,2,1,3,0,0,2,1,28,2,1,2,2,1,1,1,1
0,13,2,4,61,2,1,3,0,0,2,1,28,2,1,2,2,1,1,1,1
0,13,2,4,61,2,1,3,0,0,2,1,28,2,2,2,2,1,1,1,1
0,13,2,5,61,2,1,3,0,0,2,1,28,2,2,2,2,1,1,1,1
0,13,2,5,61,2,1,3,0,0,2,1,28,2,2,3,2,1,1,1,1
0,13,2,5,61,2,1,3,0,0,1,1,28,2,2,3,2,1,1,1,1
0,13,2,5,61,2,0,3,0,0,1,1,28,2,2,3,2,1,1,1,1
0,12,2,5,61,2,0,3,0,0,1,1,28,2,2,3,2,1,1,1,1
0,12,2,5,61,2,0,3,0,0,2,1,28,2,2,3,2,1,1,1,1
1,12,2,3,15,0,2,1,0,0,1,2,22,2,1,1,2,1,1,1,1
1,13,2,3,15,0,2,1,0,0,1,2,22,2,1,1,2,1,1,1,1
0,9,2,3,13,1,2,3,0,0,4,0,23,1,2,3,3,1,0,1,-1
0,9,2,2,13,1,2,3,0,0,4,0,23,1,2,3,3,1,0,1,-1
0,9,2,2,13,1,2,3,0,0,4,0,23,1,1,3,3,1,0,1,-1
0,9,2,2,13,1,2,3,0,0,4,0,23,1,1,3,3,1,1,1,-1
0,9,2,2,13,1,2,3,0,0,4,0,23,1,1,3,2,1,1,1,-1
0,9,1,2,13,1,2,3,0,0,4,0,23,1,1,3,2,1,1,1,-1
0,9,1,2,13,1,2,3,0,0,4,0,24,1,1,3,2,1,1,1,-1
0,9,1,2,13,1,2,4,0,0,4,0,23,1,1,3,2,1,1,1,-1
0,9,1,3,13,1,2,4,0,0,4,0,23,1,1,3,2,1,1,1,-1
0,9,1,3,13,1,2,4,0,0,4,0,23,1,0,3,2,1,1,1,-1
0,9,1,3,13,0,2,4,0,0,4,0,23,1,0,3,2,1,1,1,-1
0,9,1,3,13,0,2,4,0,0,4,0,23,1,1,3,2,1,1,1,-1
0,9,1,2,13,0,2,4,0,0,4,0,23,1,1,3,2,1,1,1,-1
0,9,1,2,13,0,2,4,0,0,4,0,23,2,1,3,2,1,1,1,-1
0,10,1,2,13,0,2,4,0,0,4,0,23,2,1,3,2,1,1,1,-1
0,9,1,2,13,1,2,4,0,0,4,0,23,2,1,3,2,1,1,1,-1
0,9,1,2,13,1,2,3,0,0,4,0,23,2,1,3,2,1,1,1,-1
0,9,1,2,13,1,2,3,0,0,4,0,23,2,1,3,2,1,0,1,-1
0,9,1,2,13,2,2,3,0,0,4,0,23,2,1,3,2,1,0,1,-1
0,9,1,2,13,2,2,3,0,0,4,0,23,2,1,3,2,1,1,1,-1
0,9,1,2,13,2,2,3,0,0,4,1,23,2,1,3,2,1,1,1,-1
0,9,1,2,13,1,2,3,0,0,4,1,23,2,1,3,2,1,1,1,-1
1,9,1,2,13,1,2,3,0,0,4,1,23,2,1,3,2,1,1,1,-1
1,9,1,2,13,1,2,3,0,0,4,2,23,2,1,3,2,1,1,1,-1
1,9,1,2,13,1,2,4,0,0,4,2,23,2,1,3,2,1,1,1,-1
1,9,1,2,13,1,3,4,0,0,4,2,23,2,1,3,3,1,1,1,-1
1,9,2,2,13,1,3,4,0,0,4,2,23,2,1,3,3,1,1,1,-1
0,9,2,2,13,1,3,4,0,0,4,2,23,2,1,3,3,1,1,1,-1
0,9,2,2,13,1,3,4,0,0,4,2,23,2,1,3,3,2,1,1,-1
0,9,2,2,13,1,3,4,0,0,4,2,23,2,1,2,3,2,1,1,-1
0,10,2,2,13,1,3,4,0,0,4,2,23,2,1,2,3,2,1,1,-1
0,10,2,2,13,1,3,4,0,0,4,1,23,2,1,2,3,2,1,1,-1
0,10,2,1,13,1,3,4,0,0,4,1,23,2,1,2,3,2,1,1,-1
0,10,2,1,13,1,3,4,0,0,4,1,22,2,1,2,3,2,1,1,-1
1,10,2,1,13,1,3,4,0,0,4,1,22,2,1,2,3,2,1,1,-1
1,10,2,1,13,2,3,4,0,0,4,1,22,2,1,2,3,2,1,1,-1
1,10,1,1,13,2,3,4,0,0,4,1,22,2,1,2,3,2,1,1,-1
1,10,1,1,13,2,3,4,0,0,4,1,22,2,1,2,3,2,1,0,-1
1,11,1,1,13,2,3,4,0,0,4,1,22,2,1,2,3,2,1,0,-1
0,11,1,1,13,2,3,4,0,0,4,1,22,2,1,2,3,2,1,0,-1
0,11,1,1,13,2,3,4,0,0,4,0,22,2,1,2,3,2,1,0,-1
0,10,1,1,13,2,3,4,0,0,4,0,22,2,1,2,3,2,1,0,-1
1,10,1,1,13,2,3,4,0,0,4,0,22,2,1,2,3,2,1,0,-1
1,10,1,1,14,2,3,4,0,0,4,0,22,2,1,2,3,2,1,0,-1
1,10,1,1,14,2,2,4,0,0,4,0,22,2,1,2,3,2,1,0,-1
1,10,1,1,14,2,2,4,0,0,4,0,22,2,1,2,2,2,1,0,-1
1,10,1,1,14,2,2,4,0,0,4,0,21,2,1,2,2,2,1,0,-1
1,10,1,1,14,2,2,3,0,0,4,0,21,2,1,2,2,2,1,0,-1
1,10,1,1,14,2,2,3,0,0,4,1,21,2,1,2,2,2,1,0,-1
1,11,1,1,14,2,2,3,0,0,4,1,21,2,1,2,2,2,1,0,-1
1,11,1,1,14,2,1,4,0,0,4,1,21,1,1,2,2,1,1,0,-1
1,11,1,1,14,2,1,4,0,0,4,1,21,1,1,2,2,1,1,1,-1
0,11,1,1,14,2,1,4,0,0,4,1,21,1,1,2,2,1,1,1,-1
0,11,1,2,14,2,1,4,0,0,4,1,21,1,1,2,2,1,1,1,-1
0,11,1,2,15,2,1,4,0,0,4,1,21,1,1,2,2,1,1,1,-1
0,11,1,2,15,2,1,4,0,0,4,2,21,1,1,2,2,1,1,1,-1
0,11,1,1,15,2,1,4,0,0,4,2,21,1,1,2,2,1,1,1,-1
0,11,1,1,15,2,1,3,0,0,4,2,21,1,1,2,2,1,1,1,-1
0,11,1,1,15,2,0,3,0,0,4,2,21,1,1,2,2,1,1,1,-1
0,11,1,1,15,2,0,3,0,0,4,2,21,1,1,2,1,1,1,1,-1
0,11,1,1,15,2,0,3,0,0,4,1,21,1,1,2,1,1,1,1,-1
0,11,1,1,15,2,0,3,0,0,4,1,21,1,1,1,1,1,1,1,-1
0,11,1,0,15,2,0,3,0,0,4,1,21,1,1,1,1,1,1,1,-1
0,11,1,0,15,2,0,4,0,0,4,1,21,1,1,1,1,1,1,1,-1
0,11,1,0,15,2,0,4,0,0,4,1,21,1,1,1,1,2,1,1,-1
0,11,1,0,15,2,0,4,0,0,4,1,21,2,1,1,1,2,1,1,-1
0,11,1,0,15,2,0,4,0,0,4,1,21,2,1,1,1,2,0,1,-1
0,11,1,0,15,2,0,4,0,0,4,1,21,2,2,1,1,2,0,1,-1
0,11,1,0,15,2,0,4,0,0,4,1,21,2,2,1,1,2,0,0,-1
0,12,1,0,15,2,0,4,0,0,4,1,21,2,2,1,1,2,0,0,-1
0,12,1,0,15,2,0,4,0,0,4,1,22,2,2,1,1,2,0,0,-1
0,12,1,0,15,2,0,4,0,0,4,0,22,2,2,1,1,2,0,0,-1
0,12,1,0,15,2,0,4,0,0,4,0,22,1,2,1,1,2,0,0,-1
0,12,1,0,15,2,0,4,0,0,4,0,22,1,2,1,1,1,0,0,-1
0,12,1,0,15,2,0,4,0,0,4,0,22,1,2,1,1,1,1,0,-1
0,12,1,0,15,2,1,4,0,0,4,0,22,1,2,1,1,1,1,0,-1
0,12,2,0,15,2,1,4,0,0,4,0,22,1,2,1,1,1,1,0,-1
0,12,2,0,15,2,1,4,0,0,4,0,22,1,2,1,1,1,0,0,-1
1,12,2,0,15,2,1,4,0,0,4,0,22,1,2,1,1,1,0,0,-1
0,18,2,2,20,0,2,1,0,0,4,0,20,0,0,1,3,1,0,0,-1
0,18,2,2,20,0,2,1,0,0,3,0,20,0,0,1,3,1,0,0,-1
0,18,2,2,20,0,2,1,0,0,3,1,20,0,0,1,3,1,0,0,-1
0,18,2,1,20,0,2,1,0,0,3,1,20,0,0,1,3,1,0,0,-1
0,18,2,1,20,0,2,1,0,0,2,1,20,0,0,1,3,1,0,0,-1
0,18,2,1,20,0,2,1,0,0,2,0,20,0,0,1,3,1,0,0,-1
0,18,2,1,20,0,2,1,0,0,2,0,19,0,0,1,3,1,0,0,-1
0,18,2,1,20,0,2,1,0,0,1,0,19,0,0,1,3,1,0,0,-1
0,17,2,1,20,0,1,1,0,1,1,0,19,0,0,1,3,1,0,0,-1
0,17,2,1,20,0,1,1,0,1,1,0,19,1,0,1,3,1,0,0,-1
0,17,1,1,20,0,1,1,0,1,1,0,19,1,0,1,3,1,0,0,-1
0,17,1,1,20,0,1,1,0,1,1,0,19,0,0,1,3,1,0,0,-1
0,17,1,1,20,0,1,1,0,1,1,0,19,0,0,1,3,1,0,1,-1
0,17,1,1,20,0,1,1,0,0,1,0,19,0,0,1,3,1,0,1,-1
0,18,1,1,20,0,1,1,0,0,1,0,19,0,0,1,3,1,0,1,-1
0,18,1,1,20,0,1,1,0,0,2,0,19,0,0,1,3,1,0,1,-1
0,18,1,1,20,0,1,1,0,0,1,0,19,0,1,1,3,1,0,1,-1
0,18,1,1,20,0,0,1,0,0,1,0,19,0,1,1,3,1,0,1,-1
0,18,2,1,20,0,0,1,0,0,1,0,19,0,1,1,3,1,0,1,-1
0,18,2,1,20,0,0,1,0,0,1,1,19,0,1,1,3,1,0,1,-1
0,18,2,1,20,0,0,1,0,0,1,1,19,0,2,1,3,1,0,1,-1
0,18,2,1,20,0,0,1,0,0,1,1,19,0,2,1,2,1,0,1,-1
0,18,2,1,20,0,0,1,0,0,1,1,19,1,2,1,2,1,0,1,-1
0,18,2,1,20,0,0,1,0,0,1,1,19,1,2,1,2,1,0,0,-1
0,18,2,1,20,0,0,1,0,0,2,1,19,1,2,1,2,1,0,0,-1
0,19,2,1,20,0,0,1,0,0,1,1,19,1,2,1,2,1,0,0,-1
0,19,2,2,20,0,0,1,0,0,1,1,19,1,2,1,2,1,0,0,-1
0,19,2,2,20,0,0,1,0,1,1,1,19,1,2,1,2,1,0,0,-1
0,20,2,2,20,0,0,1,0,1,1,1,19,1,2,1,2,1,0,0,-1
0,20,2,2,20,0,0,1,0,1,1,1,19,2,2,1,2,1,0,0,-1
0,20,2,2,20,0,0,1,0,0,1,1,19,2,2,1,2,1,0,0,-1
0,20,2,2,20,0,0,1,0,0,1,1,19,2,2,1,2,1,0,1,-1
0,20,3,2,20,0,0,1,0,0,1,1,19,2,2,1,2,1,0,1,-1
0,20,3,2,20,0,0,1,0,0,1,1,19,2,1,1,2,1,0,1,-1
0,20,3,1,20,0,0,1,0,0,1,1,19,2,1,1,2,1,0,1,-1
0,20,3,1,20,1,0,1,0,0,1,1,19,2,1,1,2,1,0,1,-1
0,20,3,1,20,2,0,1,0,0,1,1,19,2,1,1,2,1,0,1,-1
0,20,3,1,20,2,0,1,0,0,1,0,19,2,1,1,2,1,0,1,-1
0,20,3,1,20,2,0,1,0,0,1,0,19,2,1,1,2,1,1,1,-1
0,20,3,1,20,2,0,1,0,1,1,0,19,2,1,1,2,1,1,1,-1
0,20,2,1,20,2,0,1,0,1,1,0,19,2,1,1,2,1,1,1,-1
0,20,3,1,20,1,0,1,0,1,1,0,19,2,1,1,2,1,1,1,-1
0,20,3,1,20,1,0,1,0,1,1,0,19,2,1,1,2,1,0,1,-1
0,20,3,1,20,1,0,1,0,1,1,0,19,1,1,1,2,1,0,1,-1
0,20,3,1,20,1,0,2,0,1,1,0,19,1,1,1,2,1,0,1,-1
0,20,3,1,19,1,0,2,0,1,1,0,19,1,1,1,2,1,0,1,-1
0,20,3,1,19,1,0,2,0,2,1,0,19,1,1,1,2,1,0,1,-1
0,20,3,1,19,1,0,2,0,2,2,0,19,1,1,1,2,1,0,1,-1
0,20,3,1,19,1,0,2,0,2,2,0,19,1,1,1,1,1,0,1,-1
0,20,2,1,19,1,0,2,0,2,2,0,19,1,1,1,1,1,0,1,-1
0,20,2,1,19,0,0,2,0,2,2,0,19,1,1,1,1,1,0,1,-1
0,20,2,1,19,0,0,2,0,2,3,0,19,1,1,1,1,1,0,1,-1
0,20,3,1,19,0,0,2,0,2,3,0,19,1,1,1,1,1,0,1,-1
0,20,3,1,18,0,0,2,0,2,3,0,19,1,1,1,1,1,0,1,-1
0,20,3,1,18,0,0,2,0,2,4,0,19,1,1,1,1,1,0,1,-1
0,20,3,1,18,0,0,2,0,2,2,0,19,1,1,1,1,1,0,1,-1
0,20,3,1,18,0,0,2,0,2,2,0,19,1,1,1,1,1,1,1,-1
0,20,3,1,18,0,0,2,0,2,2,0,19,2,1,1,1,1,1,1,-1
0,20,2,1,18,0,0,2,0,2,2,0,19,1,1,1,1,1,0,1,-1
0,20,2,1,18,0,0,2,0,2,1,0,19,1,1,1,1,1,0,1,-1
0,20,2,1,18,0,0,2,0,2,2,0,19,0,1,1,1,1,0,1,-1
0,20,2,1,18,0,0,1,0,2,2,0,19,0,1,1,1,1,0,1,-1
0,20,2,1,18,0,0,1,0,2,2,0,19,0,1,1,0,1,0,1,-1
0,20,2,1,18,0,0,1,0,2,2,0,19,1,1,1,0,1,0,1,-1
0,20,2,1,18,0,0,1,0,2,1,0,19,1,1,1,0,1,0,1,-1
0,20,2,1,18,0,0,1,0,1,1,0,19,1,1,1,0,1,0,1,-1
0,20,2,0,18,0,0,1,0,1,1,0,19,1,1,1,0,1,0,1,-1
0,20,2,0,18,0,0,1,0,1,1,0,19,0,1,1,0,1,0,1,-1
0,20,2,0,18,0,0,1,0,1,2,0,19,0,1,1,0,1,0,1,-1
0,20,2,0,18,0,0,1,0,1,2,0,19,1,1,1,0,1,0,1,-1
0,20,2,0,18,0,0,1,0,1,1,0,19,0,1,1,0,1,0,0,-1
0,20,2,0,18,0,0,1,0,1,2,0,19,0,1,1,0,1,0,0,-1
0,20,3,0,18,0,0,1,0,1,2,0,19,0,1,1,0,1,0,0,-1
0,21,3,0,18,0,0,1,0,1,2,0,19,0,1,1,0,1,0,0,-1
0,21,3,0,18,0,0,1,0,1,2,0,20,0,1,1,0,1,0,0,-1
0,21,3,0,19,0,0,1,0,1,2,0,20,0,1,1,0,1,0,0,-1
0,21,3,0,20,0,0,1,0,1,2,0,20,0,1,1,0,1,0,0,-1
0,21,3,0,20,0,0,1,0,1,1,0,20,0,1,1,0,1,0,0,-1
1,12,2,3,13,0,1,2,0,0,1,2,21,1,1,1,2,1,0,0,1
1,12,2,2,13,0,1,2,0,0,1,2,21,1,1,1,2,1,0,0,1
1,12,2,2,13,0,1,2,0,0,1,2,21,0,1,1,2,1,0,0,1
0,12,2,2,13,0,1,2,0,0,1,2,21,0,1,1,2,1,0,0,1
0,12,2,2,13,0,1,2,0,0,1,2,20,0,1,1,2,1,0,0,1
0,12,2,2,13,0,1,2,0,0,1,2,20,0,1,2,2,1,0,0,1
1,12,2,2,13,0,1,2,0,0,1,2,20,0,1,2,2,1,0,0,1
1,12,2,2,13,0,1,2,0,0,1,2,20,1,1,2,2,1,0,0,1
1,12,2,2,13,0,1,2,0,0,1,2,20,1,1,2,2,1,1,0,1
1,12,2,2,13,0,1,2,0,0,1,2,20,1,1,1,2,1,1,0,1
0,25,1,2,24,2,2,4,0,0,4,0,22,1,1,1,2,1,1,0,-1
0,25,1,2,24,2,2,3,0,0,4,0,22,1,1,1,2,1,1,0,-1
0,25,1,2,24,2,2,3,0,0,3,0,22,1,1,1,2,1,1,0,-1
0,25,1,3,24,2,2,3,0,0,4,0,22,1,1,1,2,1,1,0,-1
0,25,1,3,24,2,2,3,0,0,4,0,22,1,1,1,2,1,1,1,-1
0,25,1,3,24,2,3,3,0,0,4,0,22,1,1,1,2,1,1,1,-1
0,25,1,3,24,2,3,3,0,0,3,0,22,1,1,1,2,1,1,1,-1
0,25,1,3,24,2,3,3,0,0,2,0,22,1,1,1,2,1,1,1,-1
0,25,1,3,24,2,3,4,0,0,4,0,22,1,1,1,2,1,1,1,-1
0,26,1,3,24,2,3,4,0,0,4,0,22,1,1,1,2,1,1,1,-1
0,26,1,3,24,2,3,4,0,0,3,0,22,1,1,1,2,1,1,1,-1
0,26,1,3,24,2,3,4,0,0,3,0,22,1,1,1,2,1,1,0,-1
0,26,1,3,24,2,3,4,0,0,4,0,22,1,1,1,2,1,1,0,-1
0,26,1,3,24,2,3,4,0,0,4,0,22,2,1,1,2,1,1,0,-1
0,26,1,3,24,2,3,4,0,0,4,1,22,2,1,1,2,1,1,0,-1
0,26,1,3,24,2,3,4,0,0,4,1,22,1,1,1,2,1,1,0,-1
0,26,1,3,24,2,3,4,0,0,4,1,22,0,1,1,2,1,1,0,-1
0,26,1,3,24,2,3,4,0,0,4,0,22,0,1,1,2,1,1,0,-1
0,26,0,3,24,2,3,4,0,0,4,0,22,0,1,1,2,1,1,0,-1
0,26,1,3,24,2,3,4,0,0,4,0,22,0,1,1,2,1,1,1,-1
0,26,1,3,24,2,3,4,0,0,4,0,22,0,1,1,2,1,0,1,-1
0,26,2,3,24,2,3,4,0,0,4,0,22,0,1,1,2,1,0,1,-1
0,26,1,2,24,2,3,4,0,0,4,0,22,0,1,1,2,1,0,1,-1
0,26,1,2,24,2,4,4,0,0,4,0,22,0,1,1,2,1,0,1,-1
0,26,2,2,24,2,4,4,0,0,4,0,22,0,1,1,2,1,0,1,-1
0,26,2,2,24,2,4,4,0,0,4,0,22,0,1,1,2,1,1,1,-1
0,26,2,2,24,2,3,4,0,0,4,0,22,0,1,1,2,1,1,1,-1
0,26,2,2,24,2,3,4,0,0,3,0,22,0,1,1,2,1,1,1,-1
0,26,2,2,24,2,3,4,0,0,3,0,22,0,0,1,2,1,1,1,-1
0,26,1,2,24,2,3,4,0,0,3,0,22,0,0,1,2,1,1,1,-1
0,26,1,2,24,2,3,4,0,1,3,0,22,0,0,1,2,1,1,1,-1
0,26,0,2,24,3,2,4,0,1,4,1,22,0,0,1,2,1,1,1,-1
0,26,0,2,24,3,2,4,0,2,4,1,22,0,0,1,2,1,1,1,-1
0,26,0,2,24,3,2,4,0,2,3,1,22,0,0,1,2,1,1,1,-1
0,26,0,2,24,3,2,4,0,2,2,1,22,0,0,1,2,1,1,1,-1
0,26,0,2,24,2,2,4,0,2,2,1,22,1,0,1,2,1,1,1,-1
0,26,0,2,24,2,2,4,0,2,2,1,22,1,1,1,2,1,1,1,-1
0,26,1,2,24,2,2,4,0,2,2,1,22,1,1,1,2,1,1,1,-1
0,26,1,2,24,2,2,4,0,2,2,1,22,0,1,1,2,1,1,1,-1
0,26,1,2,24,2,2,4,0,2,2,1,22,0,1,1,3,1,1,1,-1
0,26,0,2,24,2,2,4,0,2,2,1,22,0,1,1,3,1,1,1,-1
0,26,0,2,24,2,2,4,0,2,2,1,22,1,1,1,3,1,1,1,-1
0,26,1,2,24,2,2,4,0,2,2,1,22,1,1,1,3,1,1,1,-1
0,26,2,2,24,2,2,4,0,2,2,1,22,1,1,1,3,1,1,1,-1
0,26,2,2,24,2,2,4,0,2,2,1,23,1,1,1,3,1,1,1,-1
0,26,2,2,24,2,2,4,0,2,2,1,23,1,1,1,3,1,1,0,-1
0,26,2,2,24,2,2,4,0,2,2,0,23,1,1,1,3,1,1,0,-1
0,26,1,2,24,2,2,4,0,2,2,0,23,1,1,1,3,1,1,0,-1
0,26,2,2,24,2,2,4,0,2,2,0,23,1,1,1,3,1,1,1,-1
0,26,2,2,24,2,2,4,0,2,3,0,23,1,1,1,3,1,1,1,-1
0,26,2,1,24,2,2,4,0,2,3,0,23,1,1,1,3,1,1,1,-1
0,26,2,1,24,2,2,4,0,2,2,0,23,1,1,1,3,1,1,1,-1
0,26,2,0,24,2,2,4,0,2,2,0,23,1,1,1,3,1,1,1,-1
0,26,1,0,24,2,2,4,0,2,2,0,23,1,1,1,3,1,1,1,-1
0,26,1,0,24,2,2,4,0,2,2,0,23,1,1,1,3,1,0,1,-1
0,26,0,0,24,2,2,4,0,2,2,0,23,1,1,1,3,1,0,1,-1
0,26,0,0,24,2,2,4,0,2,2,1,23,1,1,1,3,1,0,1,-1
0,26,0,0,24,2,2,4,0,2,1,1,23,1,1,1,3,1,0,1,-1
0,26,0,0,24,2,2,4,0,2,1,1,23,1,2,1,3,1,0,1,-1
0,26,0,0,24,2,2,4,0,1,1,1,23,1,2,1,3,1,0,1,-1
0,26,0,0,24,2,2,4,0,1,1,0,23,1,2,1,3,1,0,1,-1
0,26,0,0,24,2,3,4,0,1,1,0,23,1,2,1,3,1,0,1,-1
0,26,1,0,24,2,3,4,0,1,1,0,23,1,2,1,3,1,0,1,-1
0,26,1,0,24,2,3,4,0,2,1,0,23,1,2,1,3,1,0,1,-1
0,26,1,0,24,2,3,4,0,2,2,0,23,1,2,1,3,1,0,1,-1
0,26,2,0,24,2,3,4,0,2,2,0,23,1,2,1,3,1,0,1,-1
0,18,2,3,31,1,2,2,0,0,2,0,24,2,1,1,2,1,0,0,-1
0,18,1,3,31,1,2,2,0,0,2,0,24,2,1,1,2,1,0,0,-1
0,18,0,3,31,1,2,2,0,0,2,0,24,2,1,1,2,1,0,0,-1
0,18,0,3,31,1,2,1,0,0,2,0,24,2,1,1,2,1,0,0,-1
0,18,0,3,31,1,2,1,0,0,3,0,24,2,1,1,2,1,0,0,-1
0,18,0,2,31,1,2,2,0,0,3,0,24,2,1,1,2,1,0,0,-1
0,18,0,2,31,1,2,2,0,0,2,0,24,2,1,1,2,1,0,0,-1
0,18,1,2,31,1,2,2,0,0,2,0,24,2,1,1,2,1,0,0,-1
0,18,1,2,31,1,2,3,0,0,2,0,24,2,1,1,2,1,0,0,-1
0,18,2,2,31,1,2,3,0,0,2,0,24,2,1,1,2,1,0,0,-1
0,18,2,2,31,1,2,3,0,0,2,0,24,2,2,1,2,1,0,0,-1
0,18,3,2,31,1,2,3,0,0,2,0,24,2,2,1,2,1,0,0,-1
0,18,3,2,31,0,2,3,0,0,2,0,24,2,2,1,2,1,0,0,-1
0,18,3,2,31,0,2,3,0,0,3,0,24,2,2,1,2,1,0,0,-1
0,18,3,2,31,0,2,3,0,0,3,1,24,2,2,1,2,1,0,0,-1
0,19,3,2,31,0,2,3,0,0,3,1,24,2,2,1,2,1,0,0,-1
0,19,3,2,31,0,2,3,0,0,3,1,24,2,2,1,2,1,0,1,-1
0,19,3,2,31,1,2,3,0,0,3,1,24,2,2,1,2,1,0,1,-1
0,19,3,2,31,0,3,3,0,0,3,1,24,2,2,1,2,1,0,1,-1
0,19,3,2,31,0,3,3,0,0,3,0,24,2,2,1,2,1,0,1,-1
0,19,3,2,31,0,3,3,0,0,3,0,24,2,2,1,2,1,0,0,-1
0,19,3,2,31,0,4,3,0,0,3,0,24,2,2,1,2,1,0,0,-1
0,19,3,2,31,0,4,3,0,0,3,0,24,2,1,1,2,1,0,0,-1
0,19,3,2,31,0,4,4,0,0,3,0,24,2,1,1,2,1,0,0,-1
0,18,3,2,31,0,4,4,0,0,3,0,24,2,1,1,2,1,0,0,-1
0,18,3,2,31,0,4,4,0,0,2,0,24,2,1,1,2,1,0,0,-1
0,18,3,2,31,0,4,4,0,0,2,0,24,2,1,1,1,1,0,0,-1
0,18,3,2,31,0,3,4,0,0,2,0,24,2,1,1,1,1,0,0,-1
0,18,3,2,31,0,3,4,0,0,1,0,24,2,1,1,1,1,0,0,-1
0,18,3,2,31,0,3,4,0,0,1,0,24,2,0,1,1,1,0,0,-1
0,18,3,2,31,0,3,4,0,0,1,0,24,1,0,1,1,1,0,0,-1
0,18,3,2,31,0,3,4,0,0,2,0,24,1,0,1,1,1,0,0,-1
0,18,3,2,31,0,3,4,0,0,3,0,24,1,0,1,1,1,0,0,-1
0,18,3,1,31,0,3,4,0,0,3,0,24,1,0,1,1,1,0,0,-1
0,18,3,1,31,1,3,4,0,0,3,0,24,1,0,1,1,1,0,0,-1
0,18,3,1,31,2,3,4,0,0,3,0,24,1,0,1,1,1,0,0,-1
0,18,3,1,31,2,4,4,0,0,3,0,24,1,0,1,1,1,0,0,-1
0,18,3,2,31,2,4,4,0,0,3,0,24,1,0,1,1,1,0,0,-1
0,18,3,2,31,2,4,4,0,0,3,0,24,1,0,1,2,1,0,0,-1
0,18,3,2,31,2,4,4,0,1,3,0,24,1,0,1,2,1,0,0,-1
0,18,3,2,31,2,4,4,0,1,2,0,24,1,0,1,2,1,0,0,-1
0,19,3,2,31,2,4,4,0,1,2,0,24,1,0,1,2,1,0,0,-1
0,19,3,2,31,2,4,4,0,1,2,1,24,1,0,1,2,1,0,0,-1
1,12,2,0,74,3,0,1,0,0,2,0,24,2,0,1,0,1,0,0,1
1,12,2,0,74,3,0,1,0,0,2,0,24,2,0,1,0,2,0,0,1
1,12,2,0,74,4,0,1,0,0,2,0,24,2,0,1,0,2,0,0,1
1,12,2,0,74,4,0,1,0,0,2,1,24,2,0,1,0,2,0,0,1
0,12,2,0,74,4,0,1,0,0,2,1,24,2,0,1,0,2,0,0,1
0,11,2,0,74,4,0,1,0,0,2,1,24,2,0,1,0,2,0,0,1
0,11,2,0,74,4,0,1,0,0,2,1,24,2,1,1,0,2,0,0,1
0,11,2,0,74,4,0,1,0,0,2,1,24,2,1,2,0,2,0,0,1
0,11,1,0,74,4,0,1,0,0,2,1,24,2,1,2,0,2,0,0,1
0,11,1,0,74,4,0,1,0,0,2,1,24,2,1,1,0,2,0,0,1
0,11,2,0,74,4,0,1,0,0,2,0,24,2,1,2,0,2,0,0,1
0,11,2,0,74,4,0,1,0,0,2,0,24,2,1,3,0,2,0,0,1
0,11,2,0,74,4,0,1,0,0,2,0,24,1,1,3,0,2,0,0,1
0,12,2,0,74,3,0,1,0,0,2,1,24,1,1,3,0,2,0,0,1
0,12,2,0,74,3,0,2,0,0,2,1,24,1,1,3,0,2,0,0,1
0,12,2,0,74,3,0,2,0,0,2,1,24,1,1,3,0,2,0,1,1
0,12,2,0,74,3,1,2,0,0,2,1,24,1,1,3,0,2,0,1,1
0,12,2,0,74,3,1,2,0,0,1,1,24,1,1,3,0,2,0,1,1
0,12,2,0,74,3,2,2,0,0,1,1,24,1,1,3,0,2,0,1,1
0,12,2,0,74,3,2,2,0,0,2,1,24,1,1,3,0,2,0,1,1
0,12,2,0,74,3,2,2,0,0,2,2,24,1,1,3,0,2,0,1,1
0,13,2,0,74,3,2,2,0,0,2,2,24,1,1,3,0,2,0,1,1
0,13,2,0,75,3,2,2,0,0,2,2,24,1,1,3,0,2,0,1,1
0,13,2,0,75,3,2,1,0,0,2,2,24,1,1,3,0,2,0,1,1
1,12,2,0,75,1,1,2,0,0,2,0,26,1,0,2,1,2,0,1,1
1,12,2,0,75,1,1,2,0,0,2,0,26,2,0,2,1,2,0,1,1
1,12,1,0,75,1,1,2,0,0,2,0,26,2,0,2,1,2,0,1,1
1,12,1,0,75,0,1,2,0,0,2,0,26,2,0,2,1,2,0,1,1
1,12,0,0,75,0,1,2,0,0,2,0,26,2,0,2,1,2,0,1,1
1,13,0,0,75,0,1,2,0,0,2,0,26,2,0,2,1,2,0,1,1
1,13,0,0,75,0,1,2,0,0,1,0,26,2,0,2,1,2,0,1,1
1,13,0,0,75,0,1,2,0,0,1,0,26,2,0,2,1,2,0,0,1
1,13,0,0,75,0,2,2,0,0,1,0,26,2,0,2,1,2,0,0,1
0,13,0,0,75,0,2,2,0,0,1,0,26,2,0,2,1,2,0,0,1
0,12,0,0,75,0,2,2,0,0,1,0,26,2,0,2,1,2,0,0,1
0,12,0,0,75,0,1,2,0,0,1,0,26,2,0,2,1,2,0,0,1
0,12,0,0,74,0,1,2,0,0,1,0,26,2,0,2,1,2,0,0,1
0,12,0,0,74,0,2,2,0,0,1,0,26,2,0,2,1,2,0,0,1
0,12,0,0,74,0,2,2,0,0,1,0,26,2,0,1,1,2,0,0,1
0,13,0,0,74,0,2,2,0,0,1,0,26,2,0,1,1,2,0,0,1
0,13,0,0,74,0,2,2,0,0,1,0,27,2,0,1,1,2,0,0,1
0,13,0,0,74,0,2,2,0,0,1,0,27,2,0,2,1,2,0,0,1
1,13,0,0,74,0,2,2,0,0,1,0,27,2,0,2,1,2,0,0,1
1,13,0,0,74,0,2,2,0,0,1,0,27,2,0,2,1,2,0,1,1
1,13,0,0,74,0,2,2,0,0,1,0,27,2,0,2,1,1,0,0,1
1,13,0,0,74,0,2,3,0,0,1,0,27,2,0,2,1,1,0,0,1
1,13,0,1,74,0,2,3,0,0,1,0,27,2,0,2,1,1,0,0,1
1,13,0,1,74,0,2,3,0,0,1,1,27,2,0,2,1,1,0,0,1
1,13,0,0,74,0,2,3,0,0,1,1,27,2,0,2,1,1,0,0,1
1,13,0,0,74,0,1,3,0,0,1,1,27,2,0,2,1,1,0,0,1
1,13,0,0,74,0,1,3,0,0,1,1,28,2,0,2,1,1,0,0,1
1,13,0,0,74,0,1,3,0,0,1,1,28,2,0,2,1,1,0,1,1
1,13,0,0,74,0,1,3,0,0,1,1,28,2,1,2,1,1,0,1,1
1,13,0,0,74,0,0,3,0,0,1,1,28,2,1,2,1,1,0,1,1
1,13,1,0,74,0,0,3,0,0,1,1,28,2,1,2,1,1,0,1,1
