4,0,4,3,0,12,0,4,0,0,0,40,0,1
5,4,18,3,0,8,2,4,0,0,0,40,0,1
6,0,12,1,0,3,2,0,0,0,0,40,0,1
6,4,3,3,4,8,5,0,0,0,0,25,0,1
3,0,6,3,0,8,0,0,0,0,0,60,0,1
4,5,7,13,1,5,5,0,0,0,0,50,23,1
3,0,1,3,0,5,2,0,0,0,0,50,0,1
4,0,11,3,2,1,3,0,0,0,0,40,4,1
3,0,1,1,0,4,2,0,0,0,0,40,0,1
3,0,13,3,0,7,2,0,0,0,0,60,0,1
4,4,5,0,1,5,5,0,0,0,0,40,0,1
3,0,20,0,2,5,1,0,0,0,0,35,0,0
4,0,8,3,0,7,2,0,0,0,0,48,0,1
3,0,9,3,2,8,1,0,0,0,0,40,0,0
4,0,10,0,1,4,5,0,0,0,0,45,0,1
5,4,16,1,4,8,5,0,0,0,0,40,20,1
4,0,8,0,1,3,3,0,0,0,15,60,0,1
5,0,6,3,0,10,2,0,0,0,0,60,0,1
4,0,10,3,3,0,3,0,0,0,0,26,0,1
3,3,8,1,1,8,3,0,0,0,0,40,0,1
4,4,5,10,1,5,5,0,0,0,0,45,0,1
5,5,2,3,3,4,5,0,0,0,0,38,0,1
5,3,4,0,1,5,5,4,0,0,0,40,0,1
3,0,17,1,0,10,2,4,0,0,0,50,0,0
6,0,10,10,0,3,2,0,0,0,0,60,0,1
3,0,9,1,2,4,3,0,0,0,0,40,0,0
3,0,10,3,0,7,2,0,0,0,0,48,0,1
3,0,17,1,0,8,2,1,0,0,0,50,7,0
2,0,16,0,2,8,1,0,0,0,0,35,0,0
4,0,8,3,1,0,3,0,0,0,0,43,0,1
5,4,10,13,1,4,3,0,0,0,0,45,0,1
4,0,12,3,0,6,2,0,0,0,0,48,0,1
4,0,6,3,0,8,2,0,0,0,0,70,0,1
4,3,17,1,0,8,2,4,0,0,0,40,0,1
7,3,1,1,4,10,3,0,0,0,0,18,0,1
4,2,2,3,0,4,2,0,0,0,0,60,0,1
6,0,5,0,0,3,2,0,0,0,0,50,0,1
3,0,14,3,2,3,5,0,0,0,0,60,0,1
7,3,3,13,4,4,3,0,0,0,0,6,0,1
4,0,4,3,0,12,0,4,0,1,0,40,0,1
4,0,4,3,0,12,0,4,0,1,1,40,0,1
4,0,4,2,0,12,0,4,0,1,1,40,0,1
4,0,4,2,0,12,1,4,0,1,1,40,0,1
4,0,4,2,0,12,1,4,0,1,0,40,0,1
4,0,4,2,0,12,1,4,0,0,0,40,0,1
4,0,4,2,0,12,0,4,0,1,0,40,0,1
4,0,4,2,0,11,0,4,0,1,0,40,0,1
4,0,4,2,0,11,0,4,0,0,0,40,0,1
4,0,4,2,0,11,0,4,0,0,0,41,0,1
4,0,4,2,0,11,0,4,0,0,1,41,0,1
4,0,4,2,0,11,0,4,0,0,0,41,1,1
4,0,4,2,0,11,1,4,0,0,0,41,1,1
4,0,4,2,0,12,1,4,0,0,0,41,1,1
4,0,4,2,0,12,1,4,0,0,0,41,0,1
4,0,4,3,0,12,1,4,0,0,0,41,0,1
4,0,4,3,0,13,1,4,0,0,0,41,0,1
4,0,4,3,0,13,1,4,0,0,1,41,0,1
4,0,4,3,0,13,1,4,0,0,2,41,0,1
4,0,4,3,0,13,1,4,0,0,2,40,0,1
4,0,3,3,0,13,1,4,0,0,2,40,0,1
4,0,3,3,0,13,2,4,0,0,2,40,0,1
4,0,3,3,0,13,2,4,0,0,3,40,0,1
4,0,3,3,0,13,2,3,0,0,3,40,0,1
4,0,3,3,0,13,1,3,0,0,3,40,0,1
4,0,3,3,0,13,1,3,0,0,2,40,0,1
4,0,3,3,0,13,1,3,0,0,2,41,0,1
4,0,3,3,0,13,1,3,0,0,2,41,1,1
4,0,2,3,0,13,1,3,0,0,2,41,1,1
4,0,2,3,0,13,1,4,0,0,2,41,1,1
4,0,2,3,0,13,1,4,0,1,2,41,1,1
4,0,2,3,0,12,1,4,0,1,2,41,1,1
4,0,2,3,0,12,1,4,0,1,2,40,1,1
4,0,2,3,0,12,1,4,0,1,1,40,1,1
4,0,2,3,0,12,2,4,0,1,1,40,1,1
4,0,2,3,0,12,3,4,0,1,1,40,1,1
4,0,2,3,0,13,3,4,0,1,1,40,1,1
4,0,2,3,0,13,2,4,0,1,1,40,1,1
4,0,2,3,0,13,1,4,0,1,1,40,1,1
4,0,2,3,0,13,1,4,0,1,1,41,1,1
4,0,2,3,0,13,1,3,0,1,1,41,1,1
5,1,0,3,4,13,4,0,0,3,4,40,0,1
5,1,0,3,4,13,4,0,0,3,3,40,0,1
5,1,0,2,4,13,4,0,0,3,3,40,0,1
5,1,0,2,4,13,4,0,0,3,4,40,0,1
5,1,0,1,4,13,4,0,0,3,4,40,0,1
5,1,0,2,5,13,4,0,0,3,4,40,0,1
5,1,0,2,5,13,4,0,0,3,4,41,0,1
5,1,0,2,6,13,4,0,0,3,4,41,0,1
5,1,0,2,6,13,4,0,0,3,4,41,1,1
5,1,0,1,6,13,4,0,0,3,4,41,1,1
5,1,0,1,6,13,5,0,0,3,4,41,1,1
5,1,0,1,6,13,5,0,0,3,4,40,1,1
5,1,0,1,6,13,5,0,0,3,4,40,2,1
5,1,0,1,6,12,5,0,0,3,4,40,2,1
5,1,0,1,6,12,5,0,0,3,4,40,1,1
5,1,0,1,6,12,4,0,0,3,4,40,1,1
5,1,0,1,6,12,4,0,0,3,4,41,1,1
5,1,0,2,6,12,4,0,0,3,4,41,1,1
5,1,0,2,6,12,4,0,0,3,3,41,1,1
5,1,0,2,6,12,4,0,0,3,3,40,1,1
5,1,0,2,6,12,4,0,0,3,4,40,1,1
5,1,0,2,6,12,4,0,0,3,4,40,2,1
5,1,0,2,6,12,4,0,0,2,4,40,2,1
5,1,0,2,6,12,4,0,0,2,3,40,2,1
5,1,0,3,6,12,4,0,0,2,3,40,2,1
5,1,0,3,6,12,4,0,0,1,3,40,2,1
5,1,1,3,6,12,4,0,0,1,3,40,2,1
5,1,1,3,6,12,4,0,0,2,3,40,2,1
4,1,1,3,6,12,4,0,0,2,3,40,2,1
4,1,1,3,6,12,4,0,0,2,3,40,1,1
5,1,1,3,6,12,4,0,0,2,3,40,1,1
5,1,1,3,6,12,3,0,0,2,3,40,1,1
5,2,1,3,6,12,3,0,0,2,3,40,1,1
5,2,1,3,6,13,3,0,0,2,3,40,1,1
5,1,1,3,6,13,3,0,0,2,3,40,1,1
5,1,1,3,6,13,3,0,0,3,3,40,1,1
5,1,1,2,6,13,3,0,0,3,3,40,1,1
5,1,1,2,6,13,4,0,0,3,3,40,1,1
4,1,1,2,6,13,3,0,0,3,3,40,1,1
4,1,2,2,6,13,3,0,0,3,3,40,1,1
5,1,2,2,6,13,3,0,0,3,3,40,1,1
5,1,2,2,6,12,3,0,0,3,3,40,1,1
5,1,3,2,6,12,3,0,0,3,3,40,1,1
5,1,3,2,6,12,3,0,0,3,3,39,1,1
5,2,3,2,6,12,3,0,0,3,3,39,1,1
5,2,3,1,6,12,3,0,0,3,3,39,1,1
5,2,3,1,6,12,3,0,0,3,2,39,1,1
5,2,3,2,6,12,3,0,0,3,2,39,1,1
5,2,3,2,6,12,3,0,0,3,2,40,1,1
5,2,3,3,6,12,3,0,0,3,2,40,1,1
5,2,2,3,6,12,3,0,0,3,2,40,1,1
5,2,2,3,6,12,3,0,0,3,2,40,2,1
5,3,2,3,6,12,3,0,0,3,2,40,2,1
5,3,2,2,6,12,3,0,0,3,2,40,2,1
5,4,2,2,6,12,3,0,0,3,2,40,2,1
5,5,2,2,6,12,3,0,0,3,2,40,2,1
5,5,2,2,6,12,3,0,0,3,2,40,1,1
5,5,2,2,5,12,3,0,0,3,2,40,1,1
5,5,2,2,5,12,3,0,0,3,2,40,0,1
5,5,2,2,5,12,3,0,0,3,2,39,0,1
5,5,3,2,5,12,3,0,0,3,2,39,0,1
5,5,3,2,5,13,3,0,0,3,2,39,0,1
5,5,4,2,5,13,3,0,0,3,2,39,0,1
5,5,4,2,5,13,3,0,0,3,3,39,0,1
5,5,4,3,5,13,3,0,0,3,3,39,0,1
4,5,4,3,5,13,3,0,0,3,3,39,0,1
4,5,4,3,4,13,3,0,0,3,3,39,0,1
4,5,4,3,4,13,3,0,0,3,3,39,1,1
4,5,4,3,4,13,3,0,0,3,2,39,1,1
4,5,4,3,4,13,4,0,0,3,2,39,1,1
4,5,4,3,4,13,4,0,0,2,2,39,1,1
4,5,4,3,4,13,4,0,0,2,2,39,2,1
4,5,5,3,4,13,4,0,0,2,2,39,1,1
4,5,5,3,4,13,4,0,0,2,2,40,1,1
4,5,5,3,5,13,4,0,0,2,2,40,1,1
4,5,5,2,5,13,4,0,0,2,2,40,1,1
4,5,5,2,5,13,4,0,0,3,2,40,1,1
4,5,5,3,5,13,4,0,0,3,2,40,1,1
4,5,5,3,5,13,4,0,0,3,2,41,1,1
4,5,5,3,5,13,4,0,0,2,2,41,1,1
4,5,5,2,5,13,4,0,0,3,2,41,1,1
4,5,5,2,5,12,4,0,0,3,2,41,1,1
4,5,6,2,5,12,4,0,0,3,2,41,1,1
4,5,7,2,5,12,4,0,0,3,2,41,1,1
4,5,7,2,5,13,4,0,0,3,2,41,1,1
4,5,7,2,5,13,4,0,0,2,2,41,1,1
4,5,7,2,5,13,4,0,0,3,2,42,1,1
4,5,7,3,5,13,4,0,0,3,2,42,1,1
4,5,7,3,5,13,4,0,0,2,2,42,1,1
4,5,7,3,5,13,4,0,0,2,2,42,2,1
4,5,6,3,5,13,4,0,0,2,2,42,2,1
4,5,6,3,5,13,4,0,0,2,3,42,2,1
4,5,6,2,5,13,4,0,0,2,2,42,2,1
4,4,6,2,5,13,4,0,0,2,2,42,2,1
4,4,6,2,5,13,4,0,0,2,2,42,1,1
4,4,6,2,5,13,4,0,0,2,3,42,1,1
4,4,6,2,5,13,4,0,0,2,3,41,1,1
4,4,6,2,5,13,4,0,0,2,4,41,1,1
4,4,6,1,5,13,4,0,0,2,4,41,1,1
4,3,6,1,5,13,4,0,0,2,4,41,1,1
4,3,6,1,5,13,4,0,0,2,4,42,1,1
4,3,6,1,5,13,4,0,0,2,4,43,1,1
4,3,6,1,6,13,4,0,0,2,4,43,1,1
4,3,6,1,5,13,4,0,0,2,4,43,0,1
4,3,6,0,5,13,4,0,0,2,4,43,0,1
4,3,6,0,5,13,4,0,0,3,4,43,0,1
4,3,6,0,5,13,3,0,0,3,4,43,0,1
4,3,6,0,5,13,3,0,0,2,4,43,0,1
4,3,6,1,5,13,3,0,0,2,4,43,0,1
4,3,6,1,4,13,3,0,0,2,4,43,0,1
4,3,6,1,4,13,3,0,0,2,4,42,0,1
4,3,5,1,4,13,3,0,0,2,4,42,0,1
4,3,5,2,4,13,3,0,0,2,4,42,0,1
4,3,5,2,5,13,3,0,0,2,4,42,0,1
4,3,5,3,5,13,3,0,0,2,4,42,0,1
4,3,5,3,5,13,3,0,0,2,4,41,0,1
4,3,5,3,5,13,3,0,0,1,4,41,0,1
4,3,5,3,5,13,3,0,0,1,4,42,0,1
4,3,5,2,5,13,3,0,0,1,4,42,0,1
4,2,5,2,5,13,3,0,0,1,4,42,0,1
4,2,5,1,5,13,3,0,0,1,4,42,0,1
5,2,5,1,5,13,3,0,0,1,4,42,0,1
5,2,5,1,4,13,3,0,0,1,4,42,0,1
5,3,5,1,4,13,3,0,0,1,4,42,0,1
5,3,5,0,4,13,3,0,0,1,4,42,0,1
4,3,5,0,4,13,3,0,0,1,4,42,0,1
4,3,6,0,4,13,3,0,0,1,4,42,0,1
4,3,6,1,4,13,3,0,0,1,4,42,0,1
4,3,6,1,4,13,2,0,0,1,4,42,0,1
4,3,6,1,3,13,2,0,0,1,4,42,0,1
4,2,6,1,3,13,2,0,0,1,4,42,0,1
4,2,6,1,4,13,2,0,0,1,4,42,0,1
4,2,6,1,3,13,2,0,0,1,5,42,0,1
4,2,6,1,3,13,3,0,0,1,5,42,0,1
4,2,6,1,4,13,3,0,0,1,5,42,0,1
4,2,6,1,4,13,3,0,0,2,5,42,0,1
4,2,6,1,4,13,3,0,0,2,5,41,0,1
4,2,6,2,4,13,3,0,0,2,5,41,0,1
4,2,6,2,5,13,3,0,0,2,5,41,0,1
4,3,6,2,4,13,3,0,0,2,5,41,0,1
4,3,7,2,4,13,3,0,0,2,5,41,0,1
4,3,7,2,3,13,3,0,0,2,5,41,0,1
4,3,7,2,3,13,4,0,0,2,5,41,0,1
4,3,8,2,3,13,4,0,0,2,5,41,0,1
4,3,8,2,3,13,4,0,0,3,5,41,0,1
4,3,8,2,3,13,4,0,0,3,5,40,0,1
4,3,8,2,3,13,4,0,0,2,5,40,0,1
4,3,8,2,3,12,4,0,0,2,5,40,0,1
4,3,8,2,3,11,4,0,0,2,5,40,0,1
4,3,8,2,3,11,4,0,0,2,5,41,0,1
4,3,9,2,3,11,4,0,0,2,5,41,0,1
4,2,9,2,3,11,4,0,0,2,5,41,0,1
4,2,9,3,3,11,4,0,0,2,5,41,0,1
4,2,8,3,3,11,4,0,0,2,5,41,0,1
4,3,8,3,2,11,5,0,0,1,4,41,0,1
4,3,9,3,2,11,5,0,0,1,4,41,0,1
6,3,9,3,2,11,4,0,0,1,3,41,0,-1
6,3,9,3,2,11,5,0,0,1,3,41,0,-1
6,3,9,3,2,11,3,0,0,1,3,41,0,-1
6,3,9,3,2,11,3,0,0,2,3,41,0,-1
6,3,9,3,2,11,4,0,0,2,3,41,0,-1
6,3,9,3,1,11,4,0,0,2,3,41,0,-1
6,3,9,2,1,11,4,0,0,2,3,41,0,-1
6,3,9,2,1,12,4,0,0,2,3,41,0,-1
6,2,9,2,1,12,4,0,0,2,3,41,0,-1
6,2,9,2,1,12,4,0,0,2,3,40,0,-1
6,2,9,2,1,12,4,0,0,2,2,40,0,-1
6,1,9,2,1,12,4,0,0,2,2,40,0,-1
6,1,9,3,1,12,4,0,0,2,2,40,0,-1
6,1,9,3,1,12,4,0,0,2,1,40,0,-1
1,1,12,3,4,11,4,0,0,1,4,42,1,-1
1,1,12,3,4,12,4,0,0,1,4,42,1,-1
1,1,12,3,4,12,3,0,0,1,4,42,1,-1
1,1,12,3,4,12,4,0,0,1,4,42,2,-1
1,1,12,3,4,12,5,0,0,1,4,42,2,-1
1,1,13,3,4,12,5,0,0,1,4,42,2,-1
1,1,13,3,4,12,5,0,0,2,4,42,2,-1
2,1,13,3,4,12,5,0,0,2,4,42,2,-1
2,1,13,3,4,12,5,0,0,2,3,42,2,-1
2,1,13,3,4,12,5,0,0,3,3,42,2,-1
2,1,13,3,5,12,5,0,0,3,3,42,2,-1
2,1,13,2,5,12,5,0,0,3,3,42,2,-1
2,1,14,2,5,12,5,0,0,3,3,42,2,-1
2,1,14,2,5,12,5,0,0,3,4,42,2,-1
2,1,14,2,5,12,5,0,0,3,5,42,2,-1
2,1,14,2,5,11,5,0,0,3,5,42,2,-1
2,1,15,2,5,11,5,0,0,3,5,42,2,-1
2,1,15,3,5,11,5,0,0,3,5,42,2,-1
2,1,15,3,5,11,5,0,0,3,5,42,3,-1
2,1,15,3,5,11,5,0,0,3,6,42,3,-1
2,1,16,3,5,11,5,0,0,3,6,42,3,-1
2,1,17,3,5,11,5,0,0,3,6,42,3,-1
3,1,17,3,5,11,5,0,0,3,6,42,3,1
3,1,17,3,5,11,5,0,0,3,6,42,2,1
3,1,16,3,5,11,5,0,0,3,6,42,2,1
3,1,16,3,4,11,5,0,0,3,6,42,2,1
5,3,18,2,4,8,5,0,0,2,1,41,2,1
5,3,18,2,4,8,5,0,0,1,1,41,2,1
5,3,18,2,4,8,5,0,0,0,1,41,2,1
5,4,18,2,4,8,5,0,0,0,1,41,2,1
5,4,19,2,4,8,5,0,0,0,1,41,2,1
5,4,19,2,4,8,5,0,0,0,1,40,2,1
5,4,20,2,4,8,5,0,0,0,1,40,2,1
5,4,20,2,4,8,5,0,0,0,2,40,2,1
5,4,20,2,4,9,5,0,0,0,2,40,2,1
4,4,20,2,4,9,5,0,0,0,2,40,2,1
4,4,20,2,4,9,5,0,0,0,3,40,2,1
5,4,20,2,4,9,5,0,0,0,3,40,2,1
5,4,20,2,4,8,5,0,0,0,3,40,2,1
5,4,20,2,5,8,5,0,0,0,3,40,2,1
5,4,21,2,5,8,5,0,0,0,3,40,2,1
5,4,21,2,4,8,5,0,0,0,3,40,2,1
5,5,21,2,4,8,5,0,0,0,3,40,2,1
6,5,21,2,4,8,5,0,0,0,3,40,2,1
6,5,21,2,4,8,5,0,0,0,3,40,3,1
6,5,21,2,5,8,5,0,0,0,3,40,3,1
6,5,21,2,5,9,5,0,0,0,3,40,3,1
6,5,21,2,5,9,5,0,0,0,3,40,4,1
6,5,21,2,6,9,5,0,0,0,3,40,4,1
6,5,21,2,6,9,5,0,0,0,4,40,4,1
6,5,21,2,6,9,5,0,0,0,4,40,5,1
6,4,21,2,6,9,5,0,0,0,4,40,5,1
6,4,21,3,6,9,5,0,0,0,4,40,5,1
6,4,21,3,6,9,5,0,0,0,4,40,6,1
5,4,21,3,6,9,5,0,0,0,4,40,6,1
5,4,21,3,6,9,5,0,0,0,5,40,6,1
5,4,21,2,6,9,5,0,0,0,5,40,6,1
5,4,21,2,6,9,5,0,0,0,5,41,6,1
5,4,22,2,6,9,5,0,0,0,5,41,6,1
5,4,22,2,6,10,5,0,0,0,5,41,6,1
5,3,22,2,6,10,5,0,0,0,5,41,6,1
4,3,22,2,6,10,5,0,0,0,5,41,6,1
4,3,22,2,5,10,5,0,0,0,5,41,6,1
4,3,22,2,5,9,5,0,0,0,5,41,6,1
5,3,22,2,5,9,5,0,0,0,5,41,6,1
5,3,22,2,5,8,5,0,0,0,5,41,6,1
5,3,22,2,5,8,5,0,0,0,5,41,7,1
6,3,22,2,5,8,5,0,0,0,5,41,7,1
6,3,22,2,4,8,5,0,0,0,5,41,7,1
7,3,22,2,4,8,5,0,0,0,5,41,7,1
7,3,21,2,4,8,5,0,0,0,5,41,7,1
7,3,21,2,4,8,5,0,0,0,4,41,7,1
7,3,22,2,4,8,5,0,0,0,4,41,7,1
6,3,22,2,4,8,4,0,0,0,5,41,7,1
6,3,22,2,4,8,4,0,0,0,6,41,7,1
6,3,22,2,4,9,4,0,0,0,6,41,7,1
7,3,22,2,4,9,4,0,0,0,6,41,7,1
7,3,22,2,4,9,4,0,0,0,6,41,8,1
6,3,22,2,4,9,4,0,0,0,6,41,8,1
6,4,22,2,4,9,4,0,0,0,6,41,8,1
6,4,23,2,4,9,4,0,0,0,6,41,8,1
6,4,23,1,4,9,4,0,0,0,6,41,8,1
7,4,23,1,4,9,4,0,0,0,6,41,8,1
7,3,23,1,4,9,4,0,0,0,6,41,8,1
7,3,23,1,4,9,4,0,0,0,5,41,8,1
7,2,23,1,4,9,4,0,0,0,5,41,8,1
7,2,23,1,4,9,4,0,0,0,6,41,8,1
7,2,23,1,3,9,4,0,0,0,6,41,8,1
7,2,23,1,3,9,4,0,0,0,7,41,8,1
8,2,20,1,0,13,4,1,0,0,8,44,7,1
8,2,20,1,0,13,4,1,0,0,8,44,8,1
8,2,20,1,0,12,4,1,0,0,8,44,8,1
8,2,20,1,0,12,4,1,0,0,7,44,8,1
8,2,20,1,0,12,4,1,0,0,7,44,9,1
8,2,20,1,0,12,4,1,0,0,7,45,9,1
8,2,19,1,0,12,4,1,0,0,7,44,9,1
8,2,19,2,0,12,4,1,0,0,7,44,9,1
8,2,19,2,0,12,4,1,0,0,7,44,10,1
8,2,19,2,0,12,4,2,0,0,7,44,10,1
7,2,19,2,0,12,4,2,0,0,7,44,10,1
7,3,19,2,0,12,4,2,0,0,7,44,10,1
7,3,19,2,0,13,4,2,0,0,7,44,10,1
7,3,18,2,0,13,4,2,0,0,7,44,10,1
7,3,18,2,0,13,4,2,0,0,7,44,11,1
7,4,18,2,0,13,4,2,0,0,7,44,11,1
7,4,18,2,0,13,4,2,0,0,7,44,12,1
7,5,18,2,0,13,4,2,0,0,7,44,12,1
8,5,18,2,0,13,4,2,0,0,7,44,12,1
7,5,18,2,0,13,4,2,0,1,7,44,12,1
7,5,18,2,0,12,4,2,0,1,7,44,12,1
7,4,18,2,0,12,4,2,0,1,7,44,12,1
7,4,18,2,0,12,4,3,0,1,7,44,12,1
7,4,18,2,0,12,4,3,0,1,6,44,12,1
7,3,18,2,0,12,4,3,0,1,6,44,12,1
7,3,18,2,0,12,5,3,0,1,6,44,12,1
7,3,18,2,0,12,5,3,0,1,6,43,12,1
7,4,18,2,0,12,5,3,0,1,6,43,12,1
7,3,18,2,0,12,5,3,0,1,6,42,12,1
7,3,18,2,0,13,5,3,0,1,6,42,12,1
6,3,18,2,0,13,5,3,0,1,6,42,12,1
6,2,18,2,0,13,5,3,0,1,6,42,12,1
7,2,18,2,0,13,5,3,0,1,6,42,12,1
6,4,18,3,0,8,2,4,0,0,0,40,0,1
6,3,18,3,0,8,2,4,0,0,0,40,0,1
6,3,18,3,0,8,2,4,0,1,0,40,0,1
6,3,18,3,0,9,2,4,0,0,0,40,0,1
6,3,19,3,0,9,2,4,0,0,0,40,0,1
6,3,19,3,0,9,2,4,0,0,0,40,1,1
6,3,19,3,0,9,1,4,0,0,0,40,1,1
6,3,19,3,0,9,1,4,0,0,0,40,0,1
6,3,20,3,0,9,1,4,0,0,0,40,0,1
6,3,20,3,0,9,1,4,0,0,0,40,1,1
6,3,19,3,0,8,1,4,0,0,0,40,1,1
6,4,19,3,0,8,1,4,0,0,0,40,1,1
6,4,19,3,0,8,1,4,0,1,0,40,1,1
6,4,19,3,0,8,1,4,0,1,0,41,1,1
6,4,18,3,0,8,1,4,0,1,0,41,1,1
6,4,17,3,0,8,1,4,0,1,0,41,1,1
6,4,17,3,0,8,1,4,0,1,0,42,1,1
6,4,16,3,0,8,1,4,0,1,0,42,1,1
6,4,16,2,0,8,1,4,0,1,0,42,1,1
6,4,16,2,0,8,0,4,0,1,0,42,1,1
7,4,16,2,0,8,0,4,0,1,0,42,1,1
7,4,16,3,0,8,0,4,0,1,0,42,1,1
7,4,16,3,0,7,0,4,0,1,0,42,1,1
7,3,16,3,0,7,0,4,0,1,0,42,1,1
7,3,16,3,0,7,1,4,0,1,0,42,1,1
7,3,16,3,0,8,1,4,0,1,0,42,1,1
7,3,17,3,0,8,1,4,0,1,0,42,1,1
7,3,17,3,0,8,1,4,0,1,0,42,0,1
8,3,17,3,0,8,1,4,0,1,0,42,0,1
8,3,17,3,0,8,2,4,0,1,0,42,0,1
8,4,17,3,0,8,2,4,0,1,0,42,0,1
8,4,17,3,0,8,2,4,0,2,0,42,0,1
9,4,17,3,0,8,2,4,0,2,0,42,0,1
9,4,17,3,0,8,2,4,0,1,0,42,0,1
9,4,17,2,0,8,2,4,0,1,0,42,0,1
9,4,17,2,0,8,2,4,0,1,0,42,1,1
9,4,17,3,0,8,2,4,0,1,0,42,1,1
9,4,17,3,0,8,2,4,0,0,0,42,1,1
9,4,17,3,0,7,2,4,0,0,0,42,1,1
9,4,17,3,0,7,2,3,0,0,0,42,1,1
9,4,18,3,0,7,2,3,0,0,0,42,1,1
9,5,18,3,0,7,2,3,0,0,0,42,1,1
8,5,18,3,0,7,2,3,0,0,0,42,1,1
8,5,18,3,0,7,3,3,0,0,0,42,1,1
7,5,18,3,0,7,3,3,0,0,0,42,1,1
7,5,18,3,0,7,3,4,0,0,0,42,1,1
7,5,18,3,0,7,2,3,0,0,0,42,1,1
7,5,19,3,0,7,2,3,0,0,0,42,1,1
7,5,19,3,0,7,2,4,0,0,0,42,1,1
8,5,19,3,0,7,2,4,0,0,0,42,1,1
8,6,19,3,0,7,2,4,0,0,0,42,1,1
8,6,19,3,0,8,2,4,0,0,0,42,1,1
8,6,20,3,0,8,2,4,0,0,0,42,1,1
8,5,20,3,0,8,2,4,0,0,0,42,1,1
9,5,20,3,0,8,2,4,0,0,0,42,1,1
9,5,20,3,0,9,2,4,0,0,0,42,1,1
9,5,20,3,0,8,2,4,0,0,0,43,1,1
9,5,20,3,0,8,1,4,0,0,0,43,1,1
9,5,20,2,0,8,1,4,0,0,0,43,1,1
9,5,20,2,0,8,1,4,0,0,1,43,1,1
9,5,20,2,0,9,1,4,0,0,1,43,1,1
9,5,20,2,0,9,1,4,0,0,1,43,2,1
9,5,20,2,0,9,1,4,0,0,1,43,3,1
9,4,20,2,0,9,1,4,0,0,1,43,3,1
9,4,20,2,0,9,1,4,0,0,1,43,4,1
9,4,20,2,0,9,1,4,0,0,1,42,4,1
9,4,20,2,0,9,1,4,0,0,1,41,4,1
9,4,20,2,0,9,1,4,0,0,1,41,3,1
9,4,20,2,0,9,0,4,0,0,1,41,3,1
9,4,20,2,0,9,0,4,0,1,1,41,3,1
9,4,20,2,0,9,0,4,0,1,1,41,2,1
9,4,20,2,0,9,0,4,0,1,0,41,2,1
9,4,20,1,0,9,0,4,0,1,0,41,2,1
9,4,19,1,0,9,0,4,0,1,0,41,2,1
9,4,19,1,0,10,0,4,0,1,0,41,2,1
9,3,19,1,0,9,0,4,0,1,0,41,2,1
9,3,19,1,0,9,0,3,0,1,0,41,2,1
9,3,19,1,0,9,0,3,0,0,0,41,2,1
9,3,19,1,0,9,0,4,0,0,0,41,2,1
9,3,19,1,0,8,0,4,0,0,0,41,2,1
9,3,19,2,0,8,0,4,0,0,0,41,2,1
9,3,19,2,0,8,0,4,0,0,0,42,2,1
9,3,19,2,0,8,0,3,0,0,0,42,2,1
9,3,19,2,0,8,0,3,0,0,0,42,3,1
9,3,19,2,0,8,0,3,0,1,0,42,3,1
9,3,19,2,0,8,0,3,0,1,0,42,2,1
9,3,19,2,0,8,0,3,0,2,0,42,2,1
9,3,19,2,0,8,0,3,0,2,1,42,2,1
9,3,19,2,0,8,0,3,0,2,1,42,3,1
9,3,19,2,0,9,0,3,0,2,1,42,3,1
8,3,19,2,0,9,0,3,0,2,1,42,3,1
8,3,19,2,0,9,0,3,0,1,1,42,3,1
8,3,19,2,0,9,1,3,0,1,1,42,3,1
8,3,19,2,0,9,2,3,0,1,1,42,3,1
8,3,18,2,0,9,2,3,0,1,1,42,3,1
8,4,18,2,0,9,2,3,0,1,1,42,3,1
9,4,18,2,0,9,2,3,0,1,1,42,3,1
9,4,18,2,0,9,2,2,0,1,1,42,3,1
9,4,18,2,0,9,1,2,0,1,1,42,3,1
9,5,18,2,0,9,1,2,0,1,1,42,3,1
9,5,18,2,0,9,1,3,0,1,1,42,3,1
9,5,18,3,0,9,1,3,0,1,1,42,3,1
8,5,18,3,0,9,1,3,0,1,1,42,3,1
8,5,18,3,0,9,1,4,0,1,1,42,3,1
8,5,18,3,0,9,1,4,0,2,1,42,3,1
8,5,18,3,0,9,1,4,0,2,0,42,3,1
8,5,18,3,0,10,1,4,0,2,0,42,3,1
8,5,18,3,0,10,1,4,0,1,0,42,3,1
8,5,17,3,0,10,1,4,0,1,0,42,3,1
8,5,17,3,0,9,1,4,0,1,0,42,3,1
8,5,17,3,0,9,1,3,0,1,0,42,3,1
8,5,17,3,0,9,0,3,0,1,0,42,3,1
8,5,17,3,0,10,0,3,0,1,0,42,3,1
8,5,18,3,0,10,0,3,0,1,0,42,3,1
8,5,18,3,0,10,0,2,0,1,0,42,3,1
8,5,19,3,0,10,0,2,0,1,0,42,3,1
8,5,19,3,0,10,0,3,0,1,0,42,3,1
8,5,19,3,0,10,0,4,0,1,0,42,3,1
8,5,20,3,0,10,0,4,0,1,0,42,3,1
9,5,20,3,0,10,0,4,0,1,0,42,3,1
9,5,20,3,0,10,0,4,0,1,0,42,2,1
9,4,20,3,0,10,0,4,0,1,0,42,2,1
9,4,19,3,0,10,0,4,0,1,0,42,2,1
9,4,19,2,0,10,0,4,0,1,0,42,2,1
9,3,19,2,0,10,0,4,0,1,0,42,2,1
9,3,19,2,0,11,0,4,0,1,0,42,2,1
9,3,19,1,0,11,0,4,0,1,0,42,2,1
9,3,19,1,0,11,0,4,0,1,0,42,3,1
9,3,18,1,0,11,0,4,0,1,0,42,3,1
8,3,18,1,0,11,0,4,0,1,0,42,3,1
8,3,19,1,0,11,0,4,0,1,0,42,3,1
8,3,19,1,0,11,0,3,0,1,0,42,3,1
8,3,19,1,0,11,0,2,0,1,0,42,3,1
8,3,19,1,0,12,0,2,0,1,0,42,3,1
8,3,19,1,0,12,0,2,0,1,1,42,3,1
7,3,19,1,0,12,0,2,0,1,0,42,3,1
7,3,19,1,0,12,0,2,0,1,0,42,2,1
7,4,19,1,0,12,0,2,0,1,0,42,2,1
7,4,19,1,0,12,0,1,0,1,0,42,2,1
7,4,19,1,0,12,0,1,0,1,0,42,1,1
7,4,19,1,0,12,0,1,0,1,1,42,1,1
7,4,19,1,0,12,0,1,0,1,1,42,0,1
7,4,19,1,0,13,0,1,0,1,1,42,1,1
7,4,18,1,0,13,0,1,0,1,1,42,1,1
8,4,18,1,0,13,0,1,0,1,1,42,1,1
8,4,18,1,0,13,0,1,0,1,2,42,1,1
8,5,18,1,0,13,0,1,0,1,2,42,1,1
8,5,18,1,0,12,0,1,0,1,2,42,1,1
8,5,18,1,0,12,0,1,0,2,2,42,1,1
8,5,18,1,0,13,0,1,0,2,2,42,1,1
8,5,18,1,0,13,0,1,0,2,1,42,1,1
8,5,18,1,0,13,0,1,0,3,1,42,1,1
9,7,18,1,1,13,0,0,0,3,2,41,1,-1
9,7,18,1,1,13,0,0,0,3,2,41,0,-1
9,7,18,1,1,13,0,0,0,3,2,42,0,-1
9,7,18,1,1,13,0,0,0,3,1,41,0,-1
9,7,18,2,1,13,0,0,0,3,1,41,0,-1
9,7,18,2,1,13,0,0,0,2,1,41,0,-1
9,7,18,2,1,13,0,0,0,2,0,41,0,-1
9,7,18,3,1,13,0,0,0,2,0,41,0,-1
8,7,18,3,1,13,0,0,0,2,0,41,0,-1
8,7,18,3,1,13,0,0,0,1,0,41,0,-1
8,7,18,3,2,13,0,0,0,1,0,41,0,-1
8,7,19,3,2,13,0,0,0,1,0,41,0,-1
8,7,19,3,2,13,0,0,0,2,0,41,0,-1
7,6,18,3,2,13,0,0,0,3,0,41,1,-1
7,6,18,4,2,13,0,0,0,3,0,41,1,-1
7,6,18,4,2,13,0,0,0,2,0,41,1,-1
7,6,18,4,1,13,0,0,0,2,0,41,1,-1
7,6,18,4,1,13,0,0,0,2,0,40,1,-1
7,6,17,4,1,13,0,0,0,2,0,40,1,-1
7,6,17,3,1,13,0,0,0,2,0,40,1,-1
7,6,17,2,1,13,0,0,0,2,0,40,1,-1
6,6,17,2,1,13,0,0,0,2,0,40,1,-1
6,6,17,2,1,13,0,0,0,2,0,39,1,-1
6,6,17,2,1,12,0,0,0,2,0,39,1,-1
6,6,17,2,1,12,0,0,0,2,0,39,2,-1
6,6,18,2,1,12,0,0,0,2,0,39,2,-1
7,6,18,2,1,12,0,0,0,2,0,39,2,-1
7,6,18,2,1,11,0,0,0,2,0,39,2,-1
7,6,18,2,1,11,0,0,0,2,0,39,3,-1
7,6,18,2,1,10,0,0,0,2,0,39,3,-1
7,6,18,2,2,10,0,0,0,2,0,39,3,-1
7,6,18,2,2,10,0,0,0,2,1,39,3,-1
7,6,18,2,2,10,0,0,0,1,1,39,3,-1
7,6,18,2,2,10,0,0,0,1,1,40,3,-1
7,6,18,2,2,11,0,0,0,1,1,40,3,-1
8,6,18,2,2,11,0,0,0,1,1,40,3,-1
8,6,18,2,1,11,0,0,0,1,1,40,3,-1
8,6,18,2,1,11,0,0,0,2,1,40,3,-1
8,6,18,2,1,11,0,0,0,3,1,40,3,-1
9,6,18,2,1,11,0,0,0,3,1,40,3,-1
9,6,18,2,1,11,0,0,0,2,1,40,3,-1
9,6,17,2,1,11,0,0,0,2,1,40,3,-1
9,6,17,2,1,11,0,0,0,2,1,41,3,-1
9,6,17,2,2,11,0,0,0,2,1,41,3,-1
9,6,17,2,2,11,0,0,0,2,1,41,4,-1
8,6,17,2,2,11,0,0,0,2,1,41,4,-1
8,6,17,3,2,11,0,0,0,2,1,41,4,-1
8,6,18,3,2,11,0,0,0,2,1,41,4,-1
8,5,18,3,2,11,0,0,0,2,1,41,4,-1
8,5,18,3,2,11,0,0,0,1,1,41,4,-1
8,5,18,3,1,11,0,0,0,1,1,41,4,-1
8,5,17,3,2,11,0,0,0,1,1,41,4,-1
8,5,17,3,2,11,0,0,0,1,2,41,4,-1
8,5,16,3,2,11,0,0,0,1,2,41,4,-1
8,5,16,3,2,11,0,0,0,1,1,41,4,-1
8,5,16,4,2,11,0,0,0,1,1,41,4,-1
9,5,16,4,2,11,0,0,0,1,1,41,4,-1
9,4,16,4,2,11,0,0,0,1,1,41,4,-1
9,4,16,5,2,11,0,0,0,1,1,41,4,-1
9,4,16,5,2,11,0,0,0,2,1,41,4,-1
8,4,16,5,2,11,0,0,0,2,1,41,4,-1
8,4,16,5,2,11,0,0,0,3,1,41,4,-1
8,4,15,5,2,11,0,0,0,3,1,41,4,-1
8,4,14,5,2,11,0,0,0,3,1,41,4,-1
8,4,13,5,2,11,0,0,0,3,1,41,4,-1
8,4,13,5,2,11,0,0,0,3,1,41,5,-1
7,4,13,5,2,11,0,0,0,3,1,41,5,-1
7,4,12,5,2,11,0,0,0,3,1,41,5,-1
6,4,12,5,2,11,0,0,0,3,1,41,5,-1
3,3,10,4,3,13,2,0,0,0,0,39,2,1
4,3,10,4,3,13,2,0,0,0,0,39,2,1
5,3,10,4,3,13,2,0,0,0,0,39,2,1
5,3,10,4,3,13,3,0,0,0,0,39,2,1
5,3,11,4,3,13,3,0,0,0,0,39,2,1
5,3,11,4,4,13,3,0,0,0,0,39,2,1
5,3,11,4,5,13,3,0,0,0,0,39,2,1
5,3,11,5,5,13,3,0,0,0,0,39,2,1
5,2,11,5,5,13,3,0,0,0,0,39,2,1
5,2,10,5,5,13,3,0,0,0,0,39,2,1
5,2,10,5,5,13,3,0,0,0,0,40,2,1
5,2,10,5,4,13,3,0,0,0,0,40,2,1
5,1,10,5,4,13,3,0,0,0,0,40,2,1
4,1,10,5,4,13,3,0,0,0,0,40,2,1
3,1,10,5,4,13,3,0,0,0,0,40,2,1
3,1,10,5,3,13,3,0,0,0,0,40,2,1
3,1,10,5,3,13,3,0,0,0,0,41,2,1
3,1,10,5,3,13,4,0,0,0,0,41,2,1
3,1,10,6,3,13,4,0,0,0,0,41,2,1
4,1,10,6,3,13,4,0,0,0,0,41,2,1
4,1,10,6,3,13,4,0,0,0,0,41,1,1
4,1,11,6,3,13,4,0,0,0,0,41,1,1
5,1,11,6,3,13,4,0,0,0,0,41,1,1
4,2,12,5,0,12,5,1,0,0,0,39,0,-1
4,2,13,5,0,12,5,1,0,0,0,39,0,-1
4,2,13,5,0,12,5,1,0,1,0,39,0,-1
5,2,13,5,0,12,5,1,0,1,0,39,0,-1
5,2,13,5,0,12,5,1,0,1,0,40,0,-1
5,2,14,5,0,12,5,1,0,1,0,40,0,-1
5,2,14,5,0,11,5,1,0,1,0,40,0,-1
5,2,14,5,0,11,5,1,0,1,0,41,0,-1
6,2,14,5,0,11,5,1,0,1,0,41,0,-1
6,2,14,5,0,11,5,1,0,0,0,41,0,-1
6,2,14,5,0,11,5,2,0,0,0,41,0,-1
6,2,14,5,0,12,5,2,0,0,0,41,0,-1
6,2,13,5,0,12,5,2,0,0,0,41,0,-1
6,3,13,5,0,12,5,2,0,0,0,41,0,-1
6,3,13,5,0,12,5,3,0,0,0,41,0,-1
6,3,14,5,0,12,5,3,0,0,0,41,0,-1
6,3,14,5,0,12,5,3,0,0,1,41,0,-1
6,3,14,5,0,12,5,3,0,1,1,41,0,-1
6,3,14,4,0,12,5,3,0,1,1,41,0,-1
6,2,14,4,0,12,5,3,0,1,1,41,0,-1
6,2,14,4,0,12,4,3,0,1,1,41,0,-1
6,2,14,4,0,12,4,3,0,2,1,41,0,-1
6,2,14,4,0,12,4,3,0,2,1,41,1,-1
6,2,14,4,0,12,4,3,0,1,1,41,1,-1
7,2,14,4,0,12,4,3,0,1,1,41,1,-1
7,2,15,4,0,12,4,3,0,1,1,41,1,-1
7,2,15,4,0,12,4,2,0,1,1,41,1,-1
7,2,16,4,0,12,4,2,0,1,1,41,1,-1
7,2,16,4,0,12,4,2,0,1,1,40,1,-1
7,2,16,4,0,12,4,2,0,1,1,40,2,-1
7,2,16,4,0,12,4,3,0,1,1,40,2,-1
7,2,15,4,0,12,4,3,0,1,1,40,2,-1
8,2,15,4,0,12,4,3,0,1,1,40,2,-1
7,2,15,4,0,12,4,4,0,1,1,40,2,-1
8,2,15,4,0,12,4,4,0,1,1,40,2,-1
8,2,16,4,0,12,4,4,0,1,1,40,2,-1
8,2,16,4,0,12,4,4,0,1,1,40,1,-1
8,2,15,4,0,12,4,4,0,1,1,40,1,-1
9,2,15,4,0,12,4,4,0,1,1,40,1,-1
9,2,16,4,0,12,4,4,0,1,1,40,1,-1
9,2,16,4,0,12,5,4,0,1,1,40,1,-1
9,2,16,4,0,12,5,4,0,1,1,39,1,-1
9,2,16,4,0,12,5,4,0,1,1,39,0,-1
8,2,16,4,0,12,5,4,0,1,1,39,0,-1
8,2,16,4,0,12,5,4,0,1,1,39,1,-1
8,2,16,4,0,11,5,4,0,1,1,39,1,-1
8,2,15,4,0,11,5,4,0,1,1,39,1,-1
8,2,15,4,0,10,5,4,0,1,1,39,1,-1
8,2,15,4,0,10,5,4,0,1,2,39,1,-1
8,2,15,4,0,10,5,3,0,1,2,39,1,-1
8,2,15,4,0,10,5,3,0,1,2,39,2,-1
8,2,15,4,0,10,5,3,0,1,1,39,2,-1
8,3,15,4,0,10,5,3,0,1,1,39,2,-1
7,3,15,4,0,10,5,3,0,1,1,39,2,-1
7,3,15,4,0,10,5,2,0,1,1,39,2,-1
7,4,15,4,0,10,5,2,0,1,1,39,2,-1
7,4,15,4,0,10,5,1,0,1,1,39,2,-1
7,4,15,4,0,10,5,2,0,1,2,39,2,-1
8,4,15,4,0,10,5,2,0,1,2,39,2,-1
8,5,15,4,0,10,5,2,0,1,2,39,2,-1
8,5,15,4,0,10,5,2,0,1,3,39,2,-1
8,5,15,4,0,10,5,2,0,1,3,38,2,-1
7,5,15,4,0,10,5,2,0,1,3,38,2,-1
7,5,16,4,0,10,5,2,0,1,3,38,2,-1
7,5,16,4,0,10,5,2,0,2,3,38,2,-1
7,5,16,4,0,10,5,3,0,2,3,38,2,-1
7,5,16,4,0,10,5,3,0,2,4,38,2,-1
7,5,16,4,0,10,5,2,0,2,4,38,2,-1
7,5,16,4,0,10,5,2,0,2,4,38,3,-1
7,5,16,4,0,10,5,1,0,2,4,38,3,-1
7,6,16,4,0,10,5,1,0,2,4,38,3,-1
7,6,16,4,0,10,5,2,0,2,4,38,3,-1
8,6,16,4,0,10,5,2,0,2,4,38,3,-1
8,6,16,4,0,10,5,1,0,2,4,38,3,-1
8,6,16,4,0,10,5,1,0,2,4,37,3,-1
8,6,16,4,0,10,5,2,0,2,4,37,3,-1
8,6,16,4,0,11,5,2,0,2,4,37,3,-1
8,6,16,4,0,11,5,2,0,2,4,37,2,-1
8,6,16,4,0,10,5,2,0,2,4,37,2,-1
8,6,16,4,0,10,5,2,0,2,3,37,2,-1
8,6,16,4,0,10,5,2,0,2,3,37,3,-1
8,6,17,4,0,10,5,2,0,2,3,37,3,-1
8,6,17,4,0,10,5,1,0,2,3,37,3,-1
8,7,17,4,0,10,5,1,0,2,3,37,3,-1
8,7,17,5,0,10,5,1,0,2,3,37,3,-1
8,7,17,5,0,10,4,1,0,2,3,37,3,-1
8,7,17,5,0,10,4,1,0,3,3,37,3,-1
8,7,16,5,0,10,5,1,0,2,3,37,3,-1
8,7,15,5,0,10,5,1,0,2,3,37,3,-1
8,7,15,5,0,10,4,1,0,2,3,37,3,-1
8,7,15,5,0,10,4,1,0,2,2,37,3,-1
8,7,15,5,0,10,4,1,0,2,2,36,3,-1
9,7,15,5,0,10,4,1,0,2,2,36,3,-1
9,7,15,5,0,10,3,1,0,2,2,36,3,-1
6,0,12,1,0,3,1,0,0,0,0,40,0,1
6,1,12,1,0,3,2,0,0,0,0,40,0,1
6,1,12,0,0,3,2,0,0,0,0,40,0,1
6,1,12,0,0,3,2,0,0,0,0,41,0,1
6,1,12,0,0,3,1,0,0,0,0,41,0,1
6,1,12,0,0,3,1,0,0,0,0,40,0,1
6,4,3,4,4,8,5,0,0,0,0,25,0,1
6,4,3,4,4,7,5,0,0,0,0,25,0,1
6,5,3,4,4,7,5,0,0,0,0,25,0,1
5,5,3,4,4,7,5,0,0,0,0,25,0,1
5,5,3,4,4,7,5,0,0,1,0,25,0,1
5,5,3,4,5,7,5,0,0,1,0,25,0,1
5,5,3,4,5,7,5,0,0,1,1,25,0,1
5,5,3,4,5,7,5,0,0,2,1,25,0,1
5,5,3,4,5,6,5,0,0,2,1,25,0,1
5,5,3,4,5,7,5,0,0,2,2,25,0,1
5,5,3,4,5,6,5,0,0,2,2,25,0,1
5,5,3,4,5,6,5,0,0,2,2,26,0,1
5,5,3,4,5,6,5,0,0,2,1,26,0,1
5,5,3,4,5,6,5,0,0,2,0,26,0,1
6,5,3,4,5,6,5,0,0,2,0,26,0,1
6,5,3,4,5,6,5,0,0,2,0,27,0,1
7,5,3,4,5,6,5,0,0,2,0,27,0,1
7,4,3,4,5,6,5,0,0,2,0,27,0,1
7,4,3,4,5,6,5,0,0,2,0,27,1,1
7,4,3,4,4,6,5,0,0,2,0,27,1,1
7,3,3,4,4,6,5,0,0,2,0,27,1,1
7,3,3,4,4,6,5,0,0,1,0,27,1,1
7,3,3,4,4,6,5,0,0,1,0,28,1,1
7,3,3,4,4,6,5,0,0,0,0,28,1,1
7,3,3,4,4,6,5,0,0,0,0,29,1,1
7,3,3,4,4,6,4,0,0,0,0,29,1,1
8,3,3,4,4,6,4,0,0,0,0,29,1,1
8,3,3,4,5,6,4,0,0,0,0,29,1,1
8,2,3,4,5,6,4,0,0,0,0,29,1,1
8,2,3,4,5,5,4,0,0,0,0,29,1,1
8,2,3,4,6,5,4,0,0,0,0,29,1,1
8,1,3,4,6,5,4,0,0,0,0,29,1,1
8,1,3,4,5,5,4,0,0,0,0,29,1,1
7,1,3,4,6,5,4,0,0,0,0,29,1,1
7,1,3,4,6,5,5,0,0,0,0,29,1,1
7,1,4,4,6,5,4,0,0,0,0,29,1,1
6,1,4,4,6,5,4,0,0,0,0,29,1,1
6,2,4,4,6,5,4,0,0,0,0,29,1,1
7,2,4,4,6,5,4,0,0,0,0,29,1,1
7,2,4,4,6,5,4,0,0,0,0,29,0,1
7,3,4,4,6,5,4,0,0,0,0,29,0,1
7,3,4,3,6,5,4,0,0,0,0,29,0,1
6,3,4,3,6,5,4,0,0,0,0,29,0,1
6,3,5,3,6,5,4,0,0,0,0,29,0,1
6,3,5,3,6,5,4,0,0,1,0,29,0,1
6,2,5,3,6,5,4,0,0,1,0,29,0,1
6,2,5,3,6,5,4,0,0,0,0,29,0,1
5,2,5,3,6,5,4,0,0,0,0,29,0,1
5,2,5,3,6,5,3,0,0,0,0,29,0,1
5,2,5,3,6,5,5,0,0,0,0,29,0,1
5,2,5,3,6,5,5,0,0,1,0,29,0,1
6,2,5,3,6,5,5,0,0,1,0,29,0,1
6,2,5,3,5,5,5,0,0,1,0,29,0,1
6,2,5,3,5,5,5,0,0,1,0,28,0,1
6,3,5,3,5,5,5,0,0,1,0,28,0,1
6,3,5,3,6,5,5,0,0,1,0,28,0,1
6,3,5,3,6,5,5,0,0,1,0,29,0,1
6,3,5,3,6,5,5,0,0,1,0,27,0,1
6,3,5,3,5,5,5,0,0,1,0,27,0,1
6,3,5,3,5,4,5,0,0,1,0,27,0,1
6,4,5,3,5,4,5,0,0,1,0,27,0,1
6,4,5,3,6,4,5,0,0,1,0,27,0,1
6,5,5,3,6,4,5,0,0,1,0,27,0,1
6,5,6,3,6,4,5,0,0,1,0,27,0,1
6,5,6,3,6,4,5,0,0,1,0,27,1,1
5,5,6,3,6,4,5,0,0,1,0,27,1,1
5,5,6,3,6,4,4,0,0,1,0,27,1,1
5,5,6,3,6,5,4,0,0,1,0,27,1,1
5,5,7,3,6,5,4,0,0,1,0,27,1,1
5,5,7,3,6,5,5,0,0,1,0,27,1,1
5,5,8,3,6,5,5,0,0,1,0,27,1,1
5,5,8,3,6,4,5,0,0,1,0,27,1,1
9,1,7,3,6,4,4,0,0,3,16,31,4,-1
9,1,7,3,6,4,4,0,0,3,16,32,4,-1
9,1,7,3,6,4,4,0,0,3,16,32,3,-1
8,1,7,3,6,4,4,0,0,3,16,32,3,-1
8,1,7,3,6,4,4,0,0,3,16,32,2,-1
8,1,7,3,6,4,4,0,0,2,16,32,3,-1
8,1,7,2,6,4,4,0,0,2,16,32,3,-1
8,1,7,2,6,4,4,0,0,2,17,32,3,-1
8,0,7,2,6,4,4,0,0,2,17,32,3,-1
8,0,7,2,6,4,3,0,0,2,17,32,3,-1
8,0,7,1,6,4,3,0,0,2,17,32,3,-1
8,0,8,1,6,4,3,0,0,2,17,32,3,-1
9,0,8,1,6,4,3,0,0,2,17,32,3,-1
9,0,8,1,6,5,3,0,0,2,17,32,3,-1
9,0,7,1,6,5,3,0,0,2,17,32,3,-1
9,0,7,1,6,4,3,0,0,2,17,32,3,-1
9,0,7,1,6,4,2,0,0,2,17,32,3,-1
9,0,7,1,6,4,2,0,0,2,16,32,3,-1
9,0,7,1,6,4,2,0,0,2,17,31,3,-1
9,1,7,1,6,4,2,0,0,2,17,31,3,-1
9,1,7,1,6,4,2,0,0,2,16,31,3,-1
9,1,7,1,6,4,2,0,0,2,16,31,2,-1
9,1,7,1,6,4,2,0,0,1,16,31,2,-1
8,1,7,1,6,4,2,0,0,1,16,31,2,-1
8,2,7,1,6,4,2,0,0,1,16,31,2,-1
8,2,7,1,6,4,2,0,0,1,16,32,2,-1
8,3,7,1,6,4,2,0,0,1,16,32,2,-1
8,2,7,1,6,4,2,0,0,1,16,32,3,-1
8,2,7,1,6,4,2,0,0,1,15,32,3,-1
8,2,7,1,6,5,2,0,0,1,15,32,3,-1
8,2,7,2,6,4,2,0,0,1,15,32,3,-1
8,3,7,2,6,4,2,0,0,1,15,32,3,-1
8,3,8,2,6,4,2,0,0,1,15,32,3,-1
8,4,8,2,6,4,2,0,0,1,15,32,3,-1
8,4,8,2,6,4,2,0,0,1,15,33,3,-1
8,4,9,2,6,4,2,0,0,1,15,33,3,-1
8,4,9,2,6,4,2,0,0,1,14,33,3,-1
8,4,9,2,5,4,2,0,0,1,14,33,3,-1
8,4,9,2,5,5,2,0,0,1,14,33,3,-1
8,4,9,2,4,5,2,0,0,1,14,33,3,-1
8,3,9,2,4,5,2,0,0,1,14,33,3,-1
8,3,9,2,4,5,2,0,0,1,14,33,2,-1
8,3,10,2,4,5,2,0,0,1,14,33,2,-1
8,3,10,2,4,4,2,0,0,1,14,33,2,-1
8,2,10,2,4,4,2,0,0,1,14,33,2,-1
7,2,10,2,4,4,2,0,0,1,14,33,2,-1
7,2,10,2,5,4,2,0,0,1,14,33,2,-1
7,2,9,2,5,4,2,0,0,1,14,33,2,-1
6,2,9,2,5,4,2,0,0,1,14,33,2,-1
6,2,9,2,5,4,2,0,0,1,14,34,2,-1
6,3,9,2,5,4,2,0,0,1,14,34,2,-1
6,3,10,2,5,4,2,0,0,1,14,34,2,-1
6,3,10,2,5,4,1,0,0,1,14,34,2,-1
6,3,10,2,5,5,1,0,0,1,14,34,2,-1
6,2,10,2,5,5,1,0,0,1,14,34,2,-1
6,2,10,2,5,5,2,0,0,1,14,34,2,-1
6,2,11,2,5,5,2,0,0,1,14,34,2,-1
6,2,11,2,5,5,1,0,0,1,14,34,2,-1
6,2,11,2,5,5,1,0,0,1,15,34,2,-1
6,2,11,2,5,5,1,0,0,0,15,34,2,-1
6,2,11,2,5,5,2,0,0,0,15,34,2,-1
6,3,11,2,5,5,2,0,0,0,15,34,2,-1
7,3,11,2,5,5,2,0,0,0,15,34,2,-1
7,3,11,2,5,5,2,0,0,0,15,34,3,-1
7,3,11,2,5,5,2,0,0,1,15,34,3,-1
7,3,11,2,4,5,2,0,0,1,15,34,3,-1
7,3,11,2,4,5,1,0,0,1,15,34,3,-1
7,3,11,2,4,5,1,0,0,1,16,34,3,-1
7,3,11,2,4,5,2,0,0,1,16,34,3,-1
7,3,11,2,5,5,1,0,0,1,16,34,3,-1
7,3,11,1,5,5,1,0,0,1,16,34,3,-1
7,3,11,1,5,5,1,0,0,1,16,33,3,-1
7,3,11,2,5,5,1,0,0,1,16,33,3,-1
6,3,11,2,5,5,1,0,0,1,16,33,3,-1
6,3,10,2,5,5,1,0,0,1,16,33,3,-1
6,3,10,2,5,5,1,0,0,2,16,33,3,-1
6,3,10,2,5,4,1,0,0,2,16,33,3,-1
6,3,10,2,5,4,2,0,0,2,16,33,3,-1
6,3,10,3,5,4,2,0,0,2,16,33,3,-1
6,3,10,3,5,4,2,0,0,2,16,33,4,-1
6,4,10,3,5,4,2,0,0,2,16,33,4,-1
6,3,10,3,6,4,2,0,0,2,16,33,4,-1
6,2,10,3,6,4,2,0,0,2,16,33,4,-1
6,2,10,3,6,4,2,0,0,2,16,33,5,-1
6,2,11,3,6,4,2,0,0,2,16,33,5,-1
6,2,11,3,6,4,2,0,0,2,15,33,5,-1
6,2,12,3,6,4,2,0,0,2,15,33,5,-1
6,2,12,2,6,4,2,0,0,2,15,33,5,-1
7,2,12,2,6,4,2,0,0,2,15,33,5,-1
7,2,11,2,6,4,2,0,0,2,15,33,5,-1
7,2,11,2,6,4,2,0,0,2,15,32,5,-1
7,2,11,1,6,4,2,0,0,2,15,32,5,-1
7,2,12,1,6,4,2,0,0,2,15,32,5,-1
7,2,12,1,5,4,2,0,0,2,15,32,5,-1
7,1,12,1,5,4,2,0,0,2,15,32,5,-1
7,1,12,1,5,4,2,0,0,2,15,32,4,-1
8,1,12,1,5,4,2,0,0,2,15,32,4,-1
8,1,12,1,5,4,2,0,0,1,15,32,4,-1
8,1,12,1,5,4,2,0,0,0,15,32,4,-1
8,1,13,1,5,4,2,0,0,0,15,32,4,-1
8,1,13,1,6,4,2,0,0,0,15,32,4,-1
8,1,13,1,6,4,2,0,0,0,16,32,4,-1
8,1,13,1,6,4,2,0,0,0,16,31,4,-1
8,1,12,1,6,4,2,0,0,0,16,32,4,-1
8,1,12,1,5,4,2,0,0,0,16,32,4,-1
8,1,12,1,5,4,2,0,0,1,16,32,4,-1
8,1,12,1,5,4,2,0,0,1,16,33,4,-1
8,1,12,1,5,4,2,0,0,1,15,33,4,-1
8,1,12,1,6,4,2,0,0,1,15,33,4,-1
8,1,12,1,6,4,2,0,0,0,15,33,4,-1
8,2,12,1,6,4,2,0,0,0,15,33,4,-1
8,2,12,1,6,4,2,0,0,1,15,33,4,-1
8,2,12,1,6,4,2,0,0,1,16,33,4,-1
8,2,13,1,6,4,2,0,0,1,16,33,4,-1
8,2,13,1,6,4,1,0,0,1,16,33,4,-1
7,2,13,1,6,4,1,0,0,1,16,33,4,-1
7,2,13,1,6,4,1,0,0,1,16,33,5,-1
7,2,13,1,6,4,2,0,0,1,16,33,5,-1
7,2,13,1,6,4,2,0,0,0,16,33,5,-1
7,2,13,1,5,4,2,0,0,0,16,33,5,-1
7,2,13,2,5,4,2,0,0,0,16,33,5,-1
7,2,13,2,6,4,2,0,0,0,16,33,5,-1
7,2,12,2,5,4,2,0,0,0,16,33,5,-1
7,2,12,2,6,4,2,0,0,0,16,33,5,-1
7,3,12,2,6,4,2,0,0,0,16,33,5,-1
7,3,12,2,5,4,2,0,0,0,16,33,5,-1
7,3,12,2,5,4,2,0,0,0,16,32,5,-1
7,4,12,2,5,4,2,0,0,0,16,32,5,-1
7,4,12,2,6,4,2,0,0,0,16,32,5,-1
7,4,12,2,6,4,2,0,0,1,16,32,5,-1
7,4,12,2,6,4,1,0,0,1,16,32,5,-1
7,5,12,2,6,4,1,0,0,1,16,32,5,-1
7,5,12,2,5,4,1,0,0,1,16,32,5,-1
7,5,12,2,5,4,1,0,0,0,16,32,5,-1
8,5,12,2,5,4,1,0,0,0,16,32,5,-1
7,4,12,2,5,4,1,0,0,0,16,32,5,-1
7,4,12,2,5,5,1,0,0,0,16,32,5,-1
7,4,13,2,5,5,1,0,0,0,16,32,5,-1
7,4,13,2,4,5,1,0,0,0,16,32,5,-1
7,4,14,2,4,5,1,0,0,0,16,32,5,-1
7,4,14,2,3,5,1,0,0,0,16,32,5,-1
7,4,14,1,3,5,1,0,0,0,16,32,5,-1
7,4,14,1,3,5,1,0,0,0,17,32,5,-1
7,4,14,1,3,5,1,0,0,0,18,32,5,-1
7,4,14,1,3,4,1,0,0,0,18,32,5,-1
7,4,14,1,3,4,1,0,0,0,18,31,5,-1
6,4,14,1,3,4,1,0,0,0,18,31,5,-1
7,4,14,1,3,4,1,0,0,0,17,31,5,-1
7,4,14,1,3,4,2,0,0,0,17,31,5,-1
7,5,14,1,3,4,2,0,0,0,17,31,5,-1
7,5,14,1,3,4,2,0,0,0,16,31,5,-1
7,5,14,1,3,4,2,0,0,1,16,31,5,-1
7,5,14,1,3,4,2,0,0,2,16,31,5,-1
8,5,14,1,3,4,2,0,0,2,16,31,5,-1
8,5,14,1,3,4,2,0,0,3,16,31,5,-1
8,6,14,1,3,4,2,0,0,3,16,31,5,-1
8,6,14,1,4,4,2,0,0,3,16,31,5,-1
8,6,14,1,4,4,2,0,0,2,16,31,5,-1
7,6,14,1,4,4,2,0,0,2,16,31,5,-1
7,6,13,1,4,4,2,0,0,2,16,31,5,-1
7,6,13,1,3,4,2,0,0,2,16,31,5,-1
7,6,13,2,3,4,2,0,0,2,16,31,5,-1
7,6,13,2,2,4,2,0,0,2,16,31,5,-1
7,6,12,2,2,4,2,0,0,2,16,31,5,-1
7,6,12,2,2,5,2,0,0,2,16,31,5,-1
6,6,12,2,2,5,2,0,0,2,16,31,5,-1
6,6,12,2,1,5,2,0,0,2,16,31,5,-1
2,0,6,3,0,8,0,0,0,0,0,60,0,1
2,0,6,3,0,9,0,0,0,0,0,60,0,1
2,0,7,3,0,9,0,0,0,0,0,60,0,1
2,0,7,3,0,9,0,0,0,0,0,61,0,1
3,0,7,3,0,9,0,0,0,0,0,61,0,1
2,0,7,3,0,8,0,0,0,0,0,61,0,1
4,2,0,1,0,7,5,3,0,2,13,50,4,1
4,2,0,1,0,7,5,2,0,2,13,50,4,1
4,2,0,2,0,7,5,2,0,2,13,50,4,1
4,2,1,2,0,7,5,2,0,2,13,50,4,1
4,2,0,2,0,7,5,1,0,2,13,50,4,1
4,5,7,13,1,4,5,0,0,0,0,50,23,1
4,5,7,12,1,4,5,0,0,0,0,50,23,1
4,5,7,12,1,4,5,0,0,1,0,50,23,1
4,5,6,12,1,4,5,0,0,1,0,50,23,1
4,5,6,12,1,4,5,0,0,1,0,50,24,1
5,5,6,12,1,4,5,0,0,1,0,50,24,1
5,6,6,12,1,4,5,0,0,1,0,50,24,1
5,6,6,11,1,4,5,0,0,1,0,50,24,1
5,5,6,11,1,4,5,0,0,1,0,50,24,1
5,5,6,11,1,5,5,0,0,1,0,50,24,1
5,5,6,11,1,5,5,0,0,2,0,50,24,1
5,6,6,11,1,5,5,0,0,2,0,50,24,1
5,7,6,11,1,5,5,0,0,2,0,50,24,1
5,7,6,11,1,5,5,0,0,2,0,51,24,1
5,7,6,11,1,5,5,0,0,3,0,51,24,1
5,7,6,11,1,4,5,0,0,3,0,51,24,1
5,7,6,12,1,4,5,0,0,3,0,51,24,1
4,7,6,12,1,4,5,0,0,3,0,51,24,1
3,7,6,12,1,4,5,0,0,3,0,51,24,-1
3,7,6,12,1,4,4,0,0,3,0,51,24,-1
3,7,6,12,2,4,4,0,0,3,0,51,24,-1
3,7,6,12,2,4,5,0,0,3,0,51,24,-1
3,7,6,11,2,4,4,0,0,3,0,51,24,-1
3,7,6,11,2,4,3,0,0,3,0,51,24,-1
3,7,6,11,2,4,3,0,0,3,0,51,25,-1
3,7,7,11,2,4,3,0,0,3,0,51,25,-1
3,7,7,11,3,4,3,0,0,3,0,51,25,-1
3,6,7,11,3,4,3,0,0,3,0,51,25,-1
3,6,7,11,2,4,3,0,0,3,0,51,25,-1
3,6,7,11,3,4,4,0,0,3,0,51,25,-1
3,6,6,11,3,4,4,0,0,3,0,51,25,-1
3,7,6,11,3,4,4,0,0,3,0,51,25,-1
3,7,6,11,4,4,4,0,0,3,0,51,25,-1
3,7,6,11,4,5,4,0,0,3,0,51,25,-1
3,7,6,11,4,5,4,0,0,3,0,50,25,-1
3,7,5,11,4,5,4,0,0,3,0,50,25,-1
3,7,5,11,4,5,4,0,0,3,0,50,26,-1
3,7,5,10,4,5,4,0,0,3,0,50,26,-1
4,4,1,6,6,5,2,0,0,3,7,54,1,1
3,4,1,6,6,5,2,0,0,3,7,54,1,-1
3,4,1,6,5,5,2,0,0,3,7,54,1,-1
3,4,1,6,5,5,2,0,0,3,7,54,2,-1
3,4,1,6,5,5,2,0,0,2,7,54,2,-1
3,4,0,6,5,5,2,0,0,2,7,54,2,-1
3,4,0,6,5,5,2,0,0,2,7,54,3,-1
3,4,0,6,6,5,2,0,0,2,7,54,3,-1
3,4,1,6,6,5,2,0,0,2,7,54,3,-1
3,4,1,6,6,5,3,0,0,2,7,54,3,-1
3,4,1,6,6,5,3,0,0,3,7,54,3,-1
3,4,1,6,6,5,3,0,0,3,7,55,3,-1
3,4,1,6,6,5,4,0,0,3,7,55,3,-1
3,4,1,6,6,5,4,0,0,3,7,54,3,-1
3,4,0,6,6,5,4,0,0,3,7,55,3,-1
3,4,0,6,6,5,4,0,0,2,7,55,3,-1
3,4,0,6,6,5,3,0,0,2,7,55,3,-1
3,4,0,6,6,5,3,0,0,2,7,55,4,-1
3,4,0,6,5,5,3,0,0,2,7,55,4,-1
3,4,0,6,5,5,3,0,0,2,6,55,4,-1
4,4,0,6,5,5,3,0,0,2,6,55,4,1
4,4,0,6,5,5,3,0,0,1,6,55,4,1
4,4,0,6,4,5,3,0,0,1,6,55,4,1
4,4,0,6,4,5,3,0,0,1,6,56,4,1
4,4,0,5,4,5,3,0,0,1,6,56,4,1
4,4,0,5,5,5,3,0,0,1,6,56,4,1
4,4,0,5,5,5,2,0,0,1,6,56,4,1
4,4,0,5,6,5,2,0,0,1,6,56,4,1
4,4,0,5,6,5,2,0,0,1,7,56,4,1
4,4,0,5,6,5,1,0,0,1,7,56,4,1
4,4,0,5,5,5,1,0,0,1,7,56,4,1
4,4,0,5,5,5,1,0,0,1,8,56,4,1
4,4,0,5,5,5,0,0,0,1,8,56,4,1
4,4,0,5,4,5,1,0,0,1,8,56,4,1
3,4,0,5,4,5,1,0,0,1,8,56,4,-1
3,4,0,5,3,5,1,0,0,1,8,56,4,-1
3,4,0,5,3,5,1,0,0,1,8,56,3,-1
3,4,1,5,3,5,1,0,0,1,8,56,3,-1
3,4,1,5,3,5,1,0,0,2,8,56,3,-1
3,4,1,5,3,5,2,0,0,2,8,56,3,-1
3,5,1,5,3,5,2,0,0,2,8,56,3,-1
3,4,1,5,3,5,2,0,0,2,8,56,4,-1
3,4,1,5,3,5,2,0,0,3,8,56,4,-1
3,4,1,5,4,5,2,0,0,3,8,56,4,-1
4,4,1,5,4,5,2,0,0,3,8,56,4,1
4,4,1,5,5,5,2,0,0,3,8,56,4,1
4,4,0,5,5,5,2,0,0,3,8,56,4,1
4,4,0,6,5,5,2,0,0,3,8,56,4,1
4,4,0,6,5,5,2,0,0,2,8,56,4,1
3,4,0,6,5,5,2,0,0,2,8,56,4,-1
3,4,0,6,5,5,2,0,0,2,9,56,4,-1
3,4,0,6,5,5,3,0,0,2,9,56,4,-1
3,4,0,6,4,5,3,0,0,2,9,56,4,-1
3,4,0,6,3,5,3,0,0,2,9,56,4,-1
3,4,0,6,4,5,2,0,0,2,9,56,4,-1
3,4,0,6,4,5,2,0,0,2,9,55,4,-1
4,0,11,3,2,1,2,0,0,0,0,40,4,1
4,1,11,3,2,1,2,0,0,0,0,40,4,1
4,1,10,3,2,1,2,0,0,0,0,40,4,1
4,1,10,3,2,1,2,0,0,0,0,40,5,1
4,2,10,3,2,1,2,0,0,0,0,40,5,1
4,2,10,3,1,1,2,0,0,0,0,40,5,1
4,3,10,3,1,1,2,0,0,0,0,40,5,1
4,3,9,3,1,1,2,0,0,0,0,40,5,1
4,3,9,3,1,1,2,0,0,0,0,41,5,1
5,3,9,3,1,1,2,0,0,0,0,41,5,1
5,3,9,3,1,1,2,0,0,0,1,41,5,1
5,3,9,3,1,1,1,0,0,0,1,41,5,1
5,3,9,3,1,1,0,0,0,0,1,41,5,1
5,3,9,3,2,1,0,0,0,0,1,41,5,1
5,3,9,3,2,1,0,0,0,0,1,42,5,1
5,3,9,3,2,1,0,0,0,0,2,42,5,1
5,3,9,4,2,1,0,0,0,0,2,42,5,1
6,3,9,4,2,1,0,0,0,0,2,42,5,1
6,3,9,4,2,0,0,0,0,0,2,42,5,1
6,3,8,4,2,0,0,0,0,0,2,42,5,1
6,3,8,4,2,0,1,0,0,0,2,42,5,1
6,3,8,4,2,0,1,0,0,1,2,42,5,1
6,3,8,3,2,0,0,0,0,0,2,42,5,1
6,3,8,3,2,0,0,0,0,1,2,42,5,1
6,3,8,3,2,0,0,0,0,1,2,42,4,1
6,3,8,3,2,0,0,0,0,1,2,43,4,1
6,3,7,3,2,0,0,0,0,1,2,43,4,1
6,3,7,3,2,0,0,0,0,1,3,43,4,1
6,4,7,3,2,0,0,0,0,1,3,43,4,1
6,4,7,3,3,0,0,0,0,1,3,43,4,1
6,3,7,3,3,0,0,0,0,1,3,43,4,1
6,3,7,3,3,0,0,0,0,2,3,43,4,1
5,3,7,3,3,0,0,0,0,2,3,43,4,1
4,3,7,3,3,0,0,0,0,2,3,43,4,1
4,3,7,3,3,0,0,0,0,2,3,43,5,1
4,3,7,3,3,0,0,0,0,2,3,43,6,1
4,3,7,3,3,0,0,0,0,3,3,43,6,1
4,3,7,3,2,0,0,0,0,3,3,43,6,1
5,3,9,3,1,1,1,0,0,3,3,41,8,1
5,3,9,3,2,1,1,0,0,3,3,41,8,1
5,3,9,3,2,1,1,0,0,2,3,41,8,1
5,3,9,3,2,1,0,0,0,2,3,41,8,1
5,3,9,3,2,1,0,0,0,2,3,41,9,1
5,2,9,3,2,1,0,0,0,2,3,41,9,1
5,2,9,3,2,1,1,0,0,2,3,41,9,1
5,2,9,3,2,1,1,0,0,2,3,41,10,1
5,2,9,3,2,1,1,0,0,2,4,41,10,1
5,2,9,3,1,1,1,0,0,2,4,41,10,1
5,1,9,3,1,1,1,0,0,2,4,41,10,1
5,2,9,3,1,0,1,0,0,2,4,41,10,1
5,2,9,3,1,0,1,0,0,3,4,41,10,1
5,2,9,3,1,0,1,0,0,3,4,41,11,1
5,2,9,3,1,0,0,0,0,3,4,41,11,1
5,2,10,3,1,0,0,0,0,3,4,41,11,1
5,1,10,3,1,0,0,0,0,3,4,41,11,1
5,1,10,3,1,1,0,0,0,3,4,41,11,1
5,2,10,3,1,1,0,0,0,3,4,41,11,1
5,2,10,3,2,1,0,0,0,3,4,41,11,1
5,2,10,3,2,1,0,0,0,3,4,40,11,1
5,2,10,3,2,1,0,0,0,3,5,40,11,1
6,2,10,3,2,1,0,0,0,3,5,40,11,1
6,2,10,3,3,1,0,0,0,3,5,40,11,1
6,2,10,3,3,1,0,0,0,3,4,40,11,1
6,2,10,3,2,1,0,0,0,3,4,40,11,1
5,2,10,3,2,1,0,0,0,3,3,40,11,1
5,2,9,3,2,1,0,0,0,3,3,40,11,1
5,2,9,3,2,1,1,0,0,3,3,40,11,1
5,2,9,3,2,1,1,0,0,3,3,40,12,1
5,2,9,3,2,0,1,0,0,3,3,40,12,1
5,2,9,3,2,0,1,0,0,3,2,40,12,1
5,2,9,3,2,1,1,0,0,3,2,40,12,1
5,2,9,3,2,1,1,0,0,3,2,40,11,1
5,2,9,3,2,1,2,0,0,3,2,40,11,1
5,2,9,3,2,1,3,0,0,3,2,40,11,1
5,2,9,3,2,1,3,0,0,3,1,40,11,1
5,2,9,3,2,1,3,0,0,3,1,41,11,1
5,2,9,3,2,1,2,0,0,3,1,41,11,1
5,2,9,3,2,1,1,0,0,3,1,41,11,1
5,2,10,3,2,1,1,0,0,3,1,41,11,1
6,2,10,3,2,1,1,0,0,3,1,41,11,1
6,1,10,3,2,1,1,0,0,3,1,41,11,1
6,1,10,3,2,1,0,0,0,3,1,41,11,1
6,1,10,3,1,1,0,0,0,3,1,41,11,1
6,1,10,3,1,1,0,0,0,3,1,41,10,1
5,2,10,3,1,0,0,0,0,2,1,42,9,1
5,2,10,3,1,0,1,0,0,2,1,42,9,1
5,2,10,3,1,0,1,0,0,2,1,41,9,1
5,2,10,3,1,0,1,0,0,2,0,41,9,1
4,2,10,3,1,0,1,0,0,2,0,41,9,1
4,3,10,3,1,0,1,0,0,2,0,41,9,1
4,3,11,3,1,0,1,0,0,2,0,41,9,1
4,3,11,3,1,0,0,0,0,2,0,41,9,1
4,3,11,3,1,0,1,0,0,2,0,42,9,1
4,3,10,3,1,0,1,0,0,2,0,42,9,1
4,3,10,3,1,0,1,0,0,3,0,42,9,1
4,4,10,3,1,0,1,0,0,3,0,42,9,1
4,4,10,3,1,0,1,0,0,3,0,41,9,1
4,4,10,3,1,0,1,0,0,3,0,41,10,1
4,4,10,3,1,0,1,0,0,3,0,41,11,1
4,3,10,3,1,0,1,0,0,3,0,41,11,1
4,3,10,3,2,0,1,0,0,3,0,41,11,1
4,3,10,3,2,0,1,0,0,3,0,41,12,1
4,3,10,3,1,0,1,0,0,3,0,41,12,1
4,3,10,3,1,0,1,0,0,3,0,41,13,1
4,3,10,3,1,0,0,0,0,3,0,41,13,1
4,3,10,3,2,0,0,0,0,3,0,41,13,1
4,3,10,3,2,0,0,0,0,2,0,41,13,1
4,2,10,3,2,0,0,0,0,2,0,41,13,1
4,2,9,3,2,0,0,0,0,2,0,41,13,1
4,1,9,3,2,0,0,0,0,2,0,41,13,1
4,1,9,3,2,0,0,0,0,2,0,42,13,1
4,1,9,4,2,0,0,0,0,2,0,42,13,1
4,1,9,4,2,0,0,0,0,2,0,42,12,1
4,1,9,4,1,0,0,0,0,2,0,42,12,1
4,1,9,3,1,0,0,0,0,2,0,42,12,1
4,1,9,3,1,0,0,0,0,2,0,42,11,1
4,1,9,3,1,0,1,0,0,2,0,42,11,1
4,1,9,3,1,0,1,0,0,2,0,41,11,1
4,1,10,3,1,0,1,0,0,2,0,41,11,1
4,1,10,3,1,0,0,0,0,2,0,41,11,1
4,1,10,3,2,0,0,0,0,2,0,41,11,1
4,1,10,3,1,0,0,0,0,2,0,40,11,1
4,1,10,3,1,0,0,0,0,2,0,39,11,1
4,1,10,3,2,0,0,0,0,2,0,39,11,1
4,1,10,3,2,0,0,0,0,2,0,39,10,1
4,1,11,3,2,0,0,0,0,2,0,39,10,1
4,1,11,3,2,0,0,0,0,3,0,39,10,1
4,1,11,3,1,0,0,0,0,3,0,39,10,1
3,0,1,1,0,4,2,0,0,0,1,40,0,1
3,0,13,3,0,7,3,0,0,0,0,60,0,1
3,0,13,3,0,6,2,0,0,0,0,60,0,1
3,0,13,3,0,7,2,0,0,0,0,59,0,1
3,0,13,3,0,6,2,0,0,0,0,59,0,1
4,0,13,3,0,6,2,0,0,0,0,59,0,1
4,0,13,3,0,7,2,0,0,0,0,59,0,1
4,0,13,3,0,6,2,0,0,0,0,58,0,1
4,0,13,3,0,6,2,0,0,1,0,58,0,1
5,0,13,3,0,6,2,0,0,1,0,58,0,1
4,2,6,6,0,10,2,4,0,1,1,57,0,-1
4,2,6,6,0,10,2,4,0,1,1,57,1,-1
4,2,7,6,0,10,2,4,0,1,1,57,1,-1
4,2,7,6,0,10,2,4,0,1,1,57,0,-1
4,2,8,6,0,10,2,4,0,1,1,57,0,-1
4,2,8,6,0,10,2,4,0,2,1,57,0,-1
4,2,8,6,0,10,2,4,0,2,2,57,0,-1
4,2,8,6,0,10,3,4,0,2,2,57,0,-1
4,3,8,6,0,10,3,4,0,2,2,57,0,-1
4,3,8,6,0,10,3,4,0,2,1,57,0,-1
4,3,8,6,0,10,4,4,0,2,1,57,0,-1
5,3,8,6,0,10,4,4,0,2,1,57,0,-1
4,3,9,6,0,10,4,4,0,2,1,57,0,-1
4,3,9,6,0,10,5,4,0,2,1,57,0,-1
4,3,9,6,0,11,5,4,0,2,1,57,0,-1
4,3,9,6,0,11,5,3,0,2,1,57,0,-1
4,4,9,6,0,11,5,3,0,2,1,57,0,-1
4,4,9,6,0,12,5,3,0,2,1,57,0,-1
4,4,5,0,1,5,5,0,0,0,1,40,0,1
4,4,5,0,1,6,5,0,0,0,1,40,0,1
4,4,5,0,1,6,5,0,0,0,1,40,1,1
4,5,5,0,1,6,5,0,0,0,1,40,1,1
4,5,5,0,1,7,5,0,0,0,1,40,1,1
4,5,6,0,1,6,5,0,0,0,1,40,1,1
4,5,6,0,1,6,5,0,0,1,1,40,1,1
4,5,6,0,1,6,5,0,0,1,1,40,0,1
4,5,6,0,2,6,5,0,0,1,1,40,0,1
4,5,6,0,2,6,4,0,0,1,1,40,0,1
4,5,6,0,2,6,3,0,0,1,1,40,0,1
4,5,6,0,2,6,4,0,0,1,1,40,1,1
4,5,6,0,2,6,4,0,0,1,2,40,1,1
4,5,7,0,2,6,4,0,0,1,2,40,1,1
4,5,7,0,2,6,5,0,0,1,2,40,1,1
4,5,7,0,2,6,5,0,0,1,3,40,1,1
4,5,7,0,2,6,5,0,0,1,2,41,1,1
4,5,7,0,2,5,5,0,0,1,2,41,1,1
4,5,7,0,2,5,5,0,0,1,3,41,1,1
4,5,7,0,2,5,4,0,0,1,3,41,1,1
4,5,7,0,2,5,5,0,0,0,3,41,1,1
3,5,7,0,2,5,5,0,0,1,3,41,1,1
3,5,7,0,2,6,5,0,0,1,3,41,1,1
3,5,7,0,1,6,5,0,0,1,3,41,1,1
4,5,7,0,1,6,5,0,0,1,3,41,1,1
4,5,6,0,1,6,5,0,0,1,3,41,1,1
3,5,6,0,1,6,5,0,0,1,3,41,1,1
3,5,7,0,1,6,5,0,0,1,2,41,1,1
3,5,7,0,1,6,4,0,0,1,2,41,1,1
3,5,7,0,1,6,4,0,0,2,2,41,1,1
3,0,20,0,3,5,1,0,0,0,0,35,0,-1
3,0,19,0,3,5,1,0,0,0,0,35,0,-1
3,0,19,0,3,4,1,0,0,0,0,35,0,-1
3,0,20,0,3,4,1,0,0,0,0,35,0,-1
3,0,20,0,3,4,0,0,0,0,0,35,0,-1
3,0,21,0,3,4,0,0,0,0,0,35,0,-1
3,1,21,0,3,4,0,0,0,0,0,35,0,-1
3,1,21,0,3,4,1,0,0,0,0,35,0,-1
3,1,21,0,4,4,1,0,0,0,0,35,0,-1
3,1,21,0,4,4,1,0,0,0,0,36,0,-1
3,1,21,0,3,4,1,0,0,0,0,36,0,-1
3,2,21,0,3,4,1,0,0,0,0,35,0,-1
3,2,21,0,3,4,0,0,0,0,0,35,0,-1
3,1,21,0,3,4,0,0,0,1,0,35,0,-1
3,1,21,0,3,5,0,0,0,1,0,35,0,-1
3,1,21,0,2,5,0,0,0,1,0,35,0,-1
3,1,21,0,3,5,1,0,0,1,0,35,0,-1
3,1,21,0,3,6,1,0,0,1,0,35,0,1
4,1,21,0,3,6,1,0,0,1,0,35,0,1
4,1,21,0,3,7,1,0,0,1,0,35,0,1
4,1,21,0,3,7,2,0,0,1,0,35,0,1
4,1,21,0,3,7,2,0,0,0,0,35,0,1
4,1,21,0,3,7,1,0,0,0,0,35,0,1
4,1,20,0,3,7,1,0,0,0,0,35,0,1
4,1,20,0,3,7,2,0,0,0,0,35,0,1
5,1,21,0,3,7,2,0,0,0,0,35,0,1
5,1,21,0,3,7,2,0,0,0,0,35,1,1
6,1,21,0,3,7,2,0,0,0,0,35,1,1
6,1,21,0,3,7,1,0,0,0,0,35,1,1
6,1,21,0,4,7,1,0,0,0,0,35,1,1
6,1,21,0,4,7,1,0,0,1,0,35,1,1
6,1,21,0,4,8,1,0,0,1,0,35,1,1
6,1,21,0,5,7,1,0,0,1,0,35,1,1
6,1,22,0,5,7,1,0,0,1,0,35,1,1
6,1,22,0,5,7,1,0,0,1,0,36,1,1
6,1,22,0,6,7,1,0,0,1,0,36,1,1
3,0,9,3,3,8,1,0,0,0,0,40,0,-1
3,0,9,3,3,8,1,0,0,0,0,40,1,-1
3,0,9,3,3,9,1,0,0,0,0,40,1,-1
3,0,9,3,3,9,2,0,0,0,0,40,1,-1
3,0,9,3,4,9,1,0,0,0,0,40,1,-1
3,0,8,3,4,9,1,0,0,0,0,40,1,-1
3,0,8,3,4,9,2,0,0,0,0,40,1,-1
3,0,9,3,4,9,2,0,0,0,0,40,1,-1
3,0,9,3,4,9,2,0,0,0,0,41,1,-1
3,0,9,3,4,9,3,0,0,0,0,41,1,-1
3,0,9,3,5,9,3,0,0,0,0,41,1,-1
3,0,9,3,6,9,3,0,0,0,0,41,1,-1
3,0,9,3,6,9,3,0,0,0,0,41,0,-1
3,0,9,3,5,9,3,0,0,0,0,41,0,-1
3,0,9,3,5,9,2,0,0,0,0,41,0,-1
3,0,9,3,5,8,2,0,0,0,0,41,0,-1
3,0,9,3,6,8,2,0,0,0,0,41,0,-1
3,0,9,3,6,8,3,0,0,0,0,41,0,-1
3,0,8,3,6,8,3,0,0,0,0,41,0,-1
3,0,8,3,6,8,2,0,0,0,0,41,0,-1
5,0,10,0,1,4,5,0,0,0,0,45,0,1
6,0,10,0,1,4,5,0,0,0,0,45,0,1
6,0,10,0,1,5,5,0,0,0,0,45,0,1
6,0,9,0,1,5,5,0,0,0,0,45,0,1
5,0,9,0,1,5,5,0,0,0,0,45,0,1
5,0,8,0,1,5,5,0,0,0,0,45,0,1
5,4,17,1,4,8,5,0,0,0,0,40,20,1
5,4,17,1,5,8,5,0,0,0,0,40,20,1
5,4,16,1,5,8,5,0,0,0,0,40,20,1
5,4,16,1,5,8,5,0,0,0,0,40,19,1
5,4,15,1,5,8,5,0,0,0,0,40,19,1
5,4,15,1,5,8,4,0,0,0,0,40,19,1
5,4,15,1,5,8,4,0,0,0,0,40,20,1
5,4,14,1,5,8,4,0,0,0,0,40,19,1
5,4,14,1,5,8,5,0,0,0,0,40,19,1
5,4,14,1,5,7,5,0,0,0,0,40,19,1
5,4,14,1,5,7,5,0,0,0,0,40,18,1
5,4,14,1,5,8,5,0,0,0,0,40,18,1
5,4,14,1,5,8,5,0,0,0,0,41,18,1
5,4,14,1,5,8,4,0,0,0,0,41,18,1
5,4,14,1,5,7,4,0,0,0,0,41,18,1
5,4,14,1,5,7,5,0,0,0,0,41,18,1
5,4,15,1,5,7,5,0,0,0,0,41,18,1
5,4,15,1,4,7,5,0,0,0,0,41,18,1
6,4,15,1,4,7,5,0,0,0,0,41,18,1
6,4,15,1,4,7,5,0,0,0,0,41,17,1
6,4,15,1,5,7,5,0,0,0,0,41,17,1
6,4,15,1,6,7,5,0,0,0,0,41,17,1
6,3,15,1,6,7,5,0,0,0,0,41,17,1
6,2,15,1,6,7,5,0,0,0,0,41,17,1
6,2,15,1,6,7,5,0,0,0,0,41,16,1
6,2,15,1,5,7,5,0,0,0,0,41,16,1
6,2,15,1,5,7,5,0,0,0,0,41,15,1
6,2,15,1,5,6,5,0,0,0,0,41,15,1
7,2,15,1,5,6,5,0,0,0,0,41,15,1
7,2,15,1,5,6,4,0,0,0,0,41,15,1
7,2,15,2,5,6,4,0,0,0,0,41,15,1
7,2,16,2,5,6,4,0,0,0,0,41,15,1
7,2,17,2,5,6,4,0,0,0,0,41,15,1
7,2,17,2,5,6,3,0,0,0,0,41,15,1
7,2,17,2,5,6,2,0,0,0,0,41,15,1
7,2,16,2,5,6,2,0,0,0,0,41,15,1
7,2,16,2,5,5,2,0,0,0,0,41,15,-1
8,2,16,2,5,5,2,0,0,0,0,41,15,-1
8,2,16,2,5,6,2,0,0,0,0,41,15,1
8,2,16,2,5,6,2,0,0,1,0,41,15,1
8,2,16,2,5,6,3,0,0,1,0,41,15,1
8,3,16,2,5,6,3,0,0,1,0,41,15,1
8,3,16,2,5,5,3,0,0,1,0,41,15,-1
8,3,16,2,5,4,3,0,0,1,0,41,15,-1
8,3,16,2,5,4,3,0,0,1,0,41,16,-1
8,3,16,2,5,4,4,0,0,1,0,41,16,-1
4,0,8,0,2,3,3,0,0,0,15,60,0,1
5,0,6,3,0,11,2,0,0,0,0,60,0,1
4,0,6,3,0,11,2,0,0,0,0,60,0,1
4,0,6,3,0,11,1,0,0,0,0,60,0,1
3,0,6,3,0,11,1,0,0,0,0,60,0,1
3,0,5,3,0,11,1,0,0,0,0,60,0,1
4,0,5,3,0,11,1,0,0,0,0,60,0,1
4,0,5,3,0,12,1,0,0,0,0,60,0,1
5,0,5,3,0,12,1,0,0,0,0,60,0,1
4,0,5,3,0,13,1,0,0,0,0,60,0,1
4,0,5,3,0,13,1,0,0,0,0,60,1,1
4,0,6,3,0,12,1,0,0,0,0,60,0,1
4,0,6,3,0,12,0,0,0,0,0,60,0,1
4,0,6,3,0,12,0,0,0,0,1,60,0,1
4,0,6,3,0,12,0,0,0,1,1,60,0,1
3,0,6,3,0,12,0,0,0,1,1,60,0,1
3,0,6,3,0,13,0,0,0,1,1,60,0,1
2,0,6,3,0,13,0,0,0,1,1,60,0,1
2,0,6,3,0,13,0,0,0,0,1,60,0,1
2,0,7,3,0,13,0,0,0,0,1,60,0,1
2,0,7,3,0,13,0,0,0,0,1,60,1,1
3,0,7,3,0,13,0,0,0,0,1,60,1,1
4,0,10,3,4,0,3,0,0,0,0,26,0,1
4,0,10,3,4,0,4,0,0,0,0,26,0,1
4,0,10,3,3,0,4,0,0,0,0,26,0,1
4,0,10,3,4,0,5,0,0,0,0,26,0,1
4,0,10,3,4,0,5,0,0,1,0,26,0,1
4,0,10,3,5,0,5,0,0,1,0,26,0,1
4,0,10,3,5,0,5,0,0,1,0,25,0,1
4,0,10,3,5,0,5,0,0,1,0,24,0,1
4,0,10,3,6,0,5,0,0,1,0,24,0,1
3,3,7,1,1,8,3,0,0,0,0,40,0,1
3,4,7,1,1,8,3,0,0,0,0,40,0,1
3,4,7,1,2,8,3,0,0,0,0,40,0,1
3,5,7,1,2,8,3,0,0,0,0,40,0,1
3,5,7,1,2,8,4,0,0,0,0,40,0,1
3,4,7,1,2,8,4,0,0,0,0,40,0,1
3,4,7,1,3,8,4,0,0,0,0,40,0,1
3,4,8,1,3,8,4,0,0,0,0,40,0,1
3,4,8,1,3,8,4,0,0,0,0,39,0,1
3,4,8,1,3,8,5,0,0,0,0,39,0,1
3,4,8,1,3,8,5,0,0,0,0,39,1,1
3,4,8,1,4,8,5,0,0,0,0,39,1,1
3,3,8,1,4,8,5,0,0,0,0,39,1,1
3,3,8,1,5,8,5,0,0,0,0,39,1,1
3,3,8,1,5,8,5,0,0,0,0,39,2,1
3,3,8,1,5,7,5,0,0,0,0,39,1,1
3,3,8,1,6,7,5,0,0,0,0,39,1,1
3,3,8,1,6,8,5,0,0,0,0,39,1,1
3,3,8,2,6,7,5,0,0,0,0,39,1,1
3,4,8,2,6,7,5,0,0,0,0,39,1,1
3,4,8,1,6,7,5,0,0,0,0,39,1,1
3,5,8,1,6,7,5,0,0,0,0,39,1,1
5,5,2,3,4,4,5,0,0,0,0,38,0,1
5,3,4,0,1,5,5,3,0,0,0,40,0,1
5,3,4,0,2,5,5,3,0,0,0,40,0,1
5,3,4,0,2,5,5,3,0,0,0,40,1,1
5,3,4,0,3,5,5,3,0,0,0,40,1,1
5,3,4,0,3,5,5,4,0,0,0,40,1,1
5,3,4,0,3,5,5,4,0,0,0,39,1,1
5,4,4,0,3,5,5,4,0,0,0,39,1,1
4,4,4,0,3,5,5,4,0,0,0,39,1,1
4,4,4,0,4,5,5,4,0,0,0,39,1,1
4,4,4,0,5,5,5,4,0,0,0,39,1,1
4,4,4,0,5,6,5,4,0,0,0,39,1,1
4,4,4,0,5,6,5,3,0,0,0,39,1,1
4,4,3,0,5,6,5,3,0,0,0,39,1,1
4,4,3,0,6,6,5,3,0,0,0,39,1,1
4,3,3,0,6,6,5,3,0,0,0,39,1,1
4,3,3,0,6,6,5,4,0,0,0,39,1,1
4,3,3,0,6,7,5,4,0,0,0,39,1,1
4,3,3,0,6,7,5,3,0,0,0,39,1,1
4,3,3,0,5,7,5,3,0,0,0,39,1,1
4,3,3,0,5,8,5,3,0,0,0,39,1,1
5,3,3,0,5,8,5,3,0,0,0,39,1,1
5,3,3,0,6,8,5,3,0,0,0,39,1,1
5,4,3,0,6,8,5,3,0,0,0,39,1,1
5,5,3,0,6,8,5,3,0,0,0,39,1,1
5,5,3,0,6,7,5,3,0,0,0,39,1,1
5,5,3,0,6,7,5,4,0,0,0,39,1,1
5,5,3,0,5,7,5,4,0,0,0,39,1,1
5,5,3,0,5,7,5,4,0,0,0,39,2,1
6,5,3,0,5,7,5,4,0,0,0,39,2,1
5,5,2,0,5,7,5,4,0,0,0,39,2,1
5,5,2,0,5,8,5,4,0,0,0,39,2,1
5,5,2,0,5,9,5,4,0,0,0,39,2,1
5,5,2,0,6,9,5,4,0,0,0,39,2,1
5,5,2,0,6,9,5,3,0,0,0,39,2,1
5,5,2,0,5,9,5,3,0,0,0,39,2,1
5,5,1,0,5,9,5,4,0,0,0,39,2,1
5,5,1,0,6,9,5,4,0,0,0,39,2,1
5,5,1,0,6,9,5,4,0,1,0,39,2,1
5,5,1,0,6,9,5,4,0,1,0,38,2,1
5,5,1,0,6,10,5,4,0,1,0,38,2,1
5,5,1,0,6,9,5,3,0,1,0,38,2,1
5,5,1,0,5,9,5,4,0,1,0,38,2,1
4,5,1,0,5,9,5,4,0,1,0,38,2,1
4,5,1,0,5,9,5,3,0,1,0,38,2,1
5,5,1,0,5,9,5,3,0,1,0,38,2,1
5,5,1,0,5,9,5,3,0,1,0,37,2,1
5,5,1,0,6,9,5,3,0,1,0,37,2,1
5,5,0,0,6,9,5,3,0,1,0,37,2,1
5,5,0,0,6,9,5,4,0,1,0,37,2,1
5,5,0,0,6,9,5,4,0,1,0,38,2,1
5,5,0,0,6,9,5,4,0,1,0,38,1,1
5,5,0,0,5,9,5,4,0,1,0,38,1,1
4,5,0,0,5,9,5,4,0,1,0,38,1,1
5,5,0,0,5,9,5,4,0,2,0,38,1,1
4,5,0,0,5,9,5,4,0,2,0,38,1,1
5,5,0,0,6,9,5,4,0,2,0,38,1,1
5,5,0,0,6,9,5,4,0,2,0,38,0,1
5,5,0,0,5,9,5,4,0,2,0,38,0,1
5,5,0,0,5,10,5,4,0,2,0,38,0,1
5,5,0,0,6,10,5,4,0,2,0,38,0,1
4,5,0,0,6,10,5,4,0,2,0,38,0,1
4,5,0,0,6,10,5,3,0,2,0,38,0,1
4,5,0,0,5,10,5,4,0,2,0,38,0,1
5,5,0,0,6,11,5,4,0,2,0,38,0,1
5,5,0,0,6,12,5,4,0,2,0,38,0,1
5,5,0,0,6,12,5,3,0,2,0,38,0,1
5,5,0,0,6,13,5,3,0,2,0,38,0,1
5,4,0,0,6,13,5,3,0,2,0,38,0,1
5,4,0,0,6,12,5,3,0,2,0,38,0,1
5,4,0,0,6,12,5,4,0,2,0,38,0,1
5,4,0,0,6,13,5,4,0,2,0,38,0,1
5,4,1,0,6,13,5,4,0,2,0,38,0,1
5,4,1,0,6,13,5,4,0,2,0,39,0,1
5,4,1,0,6,12,5,4,0,2,0,39,0,1
5,4,1,0,6,12,5,3,0,2,0,39,0,1
6,4,1,0,6,12,5,4,0,2,0,39,0,1
5,4,1,0,5,12,5,4,0,2,0,39,0,1
5,5,1,0,5,12,5,4,0,2,0,39,0,1
5,5,1,0,5,12,5,4,0,2,0,38,0,1
5,5,1,0,5,12,5,3,0,2,0,38,0,1
5,5,1,0,5,12,5,3,0,2,0,39,0,1
6,5,1,0,5,12,5,3,0,2,0,39,0,1
6,5,1,0,5,12,5,4,0,2,0,39,0,1
6,5,1,0,6,12,5,4,0,2,0,39,0,1
6,5,1,0,6,12,5,4,0,2,1,39,0,1
5,5,1,0,6,12,5,4,0,2,1,39,0,1
4,5,1,0,6,12,5,4,0,2,1,39,0,1
4,5,1,0,6,13,5,4,0,2,1,39,0,1
4,5,1,0,6,13,5,4,0,2,1,38,0,1
4,5,1,0,5,13,5,4,0,2,1,38,0,1
4,5,1,0,6,13,5,3,0,2,1,38,0,1
5,5,1,0,6,13,5,4,0,2,1,38,0,1
6,5,1,0,6,13,5,4,0,2,1,38,0,1
6,5,0,0,6,13,5,4,0,2,1,38,0,1
6,5,0,0,6,13,5,4,0,3,1,38,0,1
7,5,0,0,6,13,5,4,0,3,1,38,0,1
7,5,0,0,6,13,5,3,0,3,1,38,0,1
7,5,0,0,5,13,5,3,0,3,1,38,0,1
7,5,0,0,6,12,5,3,0,3,1,38,0,1
7,5,0,0,6,12,5,3,0,3,1,38,1,1
7,5,0,0,6,12,5,4,0,3,1,38,1,1
7,5,0,0,6,11,5,4,0,3,1,38,1,1
7,5,0,0,6,11,5,4,0,3,1,38,2,1
7,5,0,0,6,11,5,3,0,3,1,38,1,1
7,5,0,0,5,11,5,4,0,3,1,38,1,1
7,5,0,0,5,11,5,3,0,3,1,38,1,1
8,5,0,0,5,11,5,3,0,3,1,38,1,1
8,5,0,0,5,11,5,3,0,3,1,39,1,1
8,5,0,0,5,11,5,4,0,3,1,39,1,1
8,5,0,0,6,11,5,4,0,3,1,39,1,1
7,3,0,0,6,11,5,4,0,1,1,41,1,1
7,2,0,0,6,11,5,4,0,1,1,41,1,1
6,2,0,0,6,11,5,4,0,1,1,41,1,1
6,2,0,0,6,11,5,4,0,2,1,41,1,1
6,2,0,0,6,11,5,3,0,2,1,41,1,1
6,2,0,0,5,11,5,4,0,2,1,41,1,1
5,2,0,0,5,11,5,4,0,2,1,41,1,1
5,2,0,0,5,12,5,4,0,2,1,41,1,1
5,2,0,0,6,12,5,4,0,2,1,41,1,1
4,2,0,0,6,12,5,4,0,2,1,41,1,1
4,2,0,0,6,13,5,4,0,2,1,41,1,1
4,1,0,0,6,13,5,4,0,2,1,41,1,1
4,1,0,0,6,12,5,4,0,2,1,41,1,1
4,1,0,0,5,12,5,4,0,2,1,41,1,1
4,1,0,0,5,12,5,3,0,2,1,41,1,1
4,2,0,0,5,12,5,3,0,2,1,41,1,1
4,2,0,0,6,12,5,3,0,2,1,41,1,1
4,2,0,0,6,12,5,4,0,3,1,41,1,1
4,2,0,0,6,12,5,4,0,3,1,42,1,1
4,2,0,0,5,12,5,4,0,3,1,42,1,1
4,2,0,0,4,12,5,4,0,3,1,42,1,1
4,2,0,0,4,12,5,4,0,2,1,42,1,1
5,2,0,0,4,12,5,4,0,2,1,42,1,1
5,2,0,0,5,12,5,4,0,2,1,42,1,1
5,2,0,0,5,12,5,4,0,2,1,42,0,1
5,2,0,0,5,12,5,4,0,2,1,41,0,1
5,2,0,0,5,12,5,4,0,1,1,41,0,1
5,2,0,0,5,12,5,4,0,1,0,41,0,1
5,1,0,0,5,12,5,4,0,1,0,41,0,1
5,1,0,0,6,12,5,4,0,1,0,41,0,1
6,1,0,0,6,12,5,4,0,1,0,41,0,1
6,1,0,0,6,13,5,4,0,1,0,41,0,1
6,1,0,0,5,12,5,4,0,1,0,41,0,1
6,2,0,0,5,12,5,4,0,1,0,41,0,1
5,2,0,0,6,12,5,4,0,1,0,41,0,1
5,2,0,0,6,12,5,3,0,1,0,41,0,1
5,2,0,0,5,12,5,3,0,1,0,41,0,1
6,2,0,0,5,12,5,3,0,1,0,41,0,1
6,2,0,0,6,12,5,3,0,1,0,41,0,1
6,2,0,0,6,12,5,2,0,1,0,41,0,1
6,2,0,0,6,12,5,4,0,1,0,41,0,1
3,0,17,1,0,9,2,4,0,0,0,50,0,-1
3,0,17,1,0,9,3,4,0,0,0,50,0,-1
3,0,17,1,0,9,3,4,0,0,0,51,0,-1
3,0,17,1,0,9,3,3,0,0,0,51,0,-1
3,0,17,1,0,9,4,3,0,0,0,51,0,-1
3,0,17,1,0,9,4,4,0,0,0,51,0,-1
3,0,17,1,0,8,4,4,0,0,0,51,0,-1
2,0,17,1,0,9,4,4,0,0,0,51,0,-1
2,0,17,1,0,9,4,3,0,0,0,51,0,-1
3,0,17,1,0,9,4,3,0,0,0,51,1,-1
3,0,17,1,0,10,4,3,0,0,0,51,1,-1
2,0,17,1,0,9,4,3,0,0,0,51,1,-1
2,0,17,1,0,9,5,3,0,0,0,51,1,-1
2,0,17,1,0,10,5,3,0,0,0,51,1,-1
3,0,17,1,0,10,5,3,0,0,0,51,1,-1
3,0,17,2,0,10,5,3,0,0,0,51,1,-1
3,0,17,2,0,10,5,4,0,0,0,51,1,-1
3,0,17,2,0,11,5,4,0,0,0,51,1,-1
3,1,17,2,0,11,5,4,0,0,0,51,1,-1
3,1,17,2,0,11,5,3,0,0,0,51,1,-1
2,1,17,2,0,11,5,4,0,0,0,51,1,-1
2,1,17,2,0,11,4,4,0,0,0,51,1,-1
2,1,17,2,0,12,4,4,0,0,0,51,1,-1
1,1,17,2,0,12,4,4,0,0,0,51,1,-1
1,1,17,2,0,12,4,3,0,0,0,51,1,-1
1,1,17,2,0,12,3,3,0,0,0,51,1,-1
2,1,17,2,0,12,3,3,0,0,0,51,1,-1
2,1,17,2,0,12,3,4,0,0,0,51,1,-1
2,1,17,2,0,12,3,4,0,0,1,51,1,-1
2,1,17,2,0,12,3,3,0,0,1,51,1,-1
2,1,17,2,0,12,2,3,0,0,1,51,1,-1
2,1,17,2,0,11,2,3,0,0,1,51,1,-1
2,1,17,1,0,11,2,3,0,0,1,51,1,-1
2,1,17,1,0,11,2,3,0,0,1,52,1,-1
2,1,17,1,0,12,2,3,0,0,1,52,1,-1
2,1,18,1,0,11,2,3,0,0,1,52,1,-1
1,1,18,1,0,11,2,3,0,0,1,52,1,-1
1,1,18,2,0,11,2,3,0,0,1,52,1,-1
1,1,18,2,0,11,2,4,0,0,1,52,1,-1
1,0,18,2,0,11,2,4,0,0,1,52,1,-1
1,0,18,2,0,12,2,4,0,0,1,52,1,-1
1,0,18,2,0,12,2,4,0,0,1,51,1,-1
1,0,18,2,0,12,3,4,0,0,1,51,1,-1
2,0,18,2,0,12,3,4,0,0,1,51,1,-1
2,0,18,2,0,12,3,4,0,0,1,50,1,-1
2,0,18,2,0,12,3,3,0,0,1,50,1,-1
2,0,17,2,0,12,3,3,0,0,1,50,1,-1
2,0,17,2,0,12,3,3,0,0,1,51,1,-1
2,0,17,2,0,12,3,3,0,1,1,51,1,-1
2,0,17,2,0,12,3,4,0,0,1,51,1,-1
1,0,17,2,0,12,3,4,0,0,1,51,1,-1
1,0,17,2,0,13,3,4,0,0,1,51,1,-1
1,1,17,2,0,12,3,4,0,0,1,51,1,-1
1,1,17,1,0,12,3,4,0,0,1,51,1,-1
1,1,17,1,0,12,2,4,0,0,1,51,1,-1
1,1,17,1,0,12,2,3,0,0,1,51,1,-1
2,1,17,1,0,12,2,3,0,0,1,51,1,-1
2,1,17,1,0,12,1,3,0,0,1,51,1,-1
2,1,17,2,0,12,1,3,0,0,1,51,1,-1
2,1,17,2,0,13,1,3,0,0,1,51,1,-1
2,1,17,2,0,13,1,3,0,0,0,51,1,-1
3,1,17,2,0,13,1,3,0,0,0,51,1,-1
3,1,17,2,0,13,1,4,0,0,0,51,1,-1
3,1,17,2,0,12,1,4,0,0,0,51,1,-1
3,0,9,1,2,4,3,0,0,1,0,40,0,-1
4,0,0,0,6,13,5,4,0,1,7,39,0,1
4,0,0,0,6,12,5,4,0,1,7,39,0,1
4,0,1,0,6,12,5,4,0,1,7,39,0,1
4,0,1,0,6,12,5,4,0,1,7,40,0,1
4,0,1,0,6,12,5,3,0,1,7,40,0,1
4,0,1,0,6,13,5,3,0,1,7,40,0,1
4,0,1,0,5,13,5,3,0,1,7,40,0,1
4,0,1,0,5,13,5,4,0,1,7,40,0,1
4,0,1,0,6,13,5,4,0,1,7,40,0,1
4,0,1,0,6,13,5,4,0,2,7,40,0,1
4,0,1,0,5,13,5,4,0,2,7,40,0,1
4,0,0,0,5,13,5,4,0,2,7,40,0,1
4,0,0,0,6,13,5,4,0,2,7,40,0,1
4,0,0,0,6,13,5,4,0,2,7,40,1,1
4,0,0,0,6,13,5,4,0,2,7,39,0,1
4,0,0,0,6,13,5,4,0,2,7,38,0,1
4,0,0,0,6,13,5,4,0,2,7,38,1,1
5,0,0,0,6,13,5,4,0,2,7,38,1,1
5,0,0,0,6,13,5,4,0,2,7,39,1,1
4,0,0,0,6,13,5,4,0,2,7,39,1,1
4,0,0,0,6,12,5,4,0,2,7,39,1,1
4,0,0,0,6,12,5,3,0,2,7,39,1,1
4,0,0,0,5,12,5,4,0,2,7,39,1,1
4,0,0,0,5,12,5,4,0,3,7,39,1,1
5,0,0,0,5,12,5,4,0,3,7,39,1,1
4,0,0,0,5,12,5,4,0,3,7,39,2,1
4,0,0,0,6,12,5,4,0,3,7,39,2,1
4,0,0,0,6,12,5,3,0,3,7,39,2,1
4,0,0,0,6,13,5,4,0,3,7,39,2,1
4,0,1,0,6,13,5,4,0,3,7,39,2,1
4,0,1,0,6,13,5,4,0,3,7,38,2,1
4,1,1,0,6,13,5,4,0,3,7,38,2,1
4,1,1,0,6,13,5,3,0,3,7,38,2,1
4,1,0,0,6,13,5,3,0,3,7,38,2,1
5,1,0,0,6,13,5,3,0,3,7,38,2,1
5,1,0,0,6,12,5,3,0,3,7,38,2,1
5,1,1,0,6,12,5,3,0,3,7,38,2,1
4,1,1,0,6,12,5,3,0,3,7,38,2,1
4,1,2,0,6,12,5,3,0,3,7,38,2,1
4,1,2,0,6,12,5,3,0,2,7,38,2,1
4,1,2,0,6,13,5,3,0,2,7,38,2,1
4,1,2,0,6,13,5,3,0,2,7,39,2,1
4,0,2,0,6,13,5,3,0,2,7,39,2,1
4,0,2,0,6,12,5,3,0,2,7,39,2,1
4,0,1,0,6,12,5,3,0,2,7,39,2,1
4,0,2,0,6,12,5,4,0,2,7,39,2,1
4,0,2,0,6,12,5,3,0,2,7,38,2,1
4,0,2,0,6,12,5,4,0,2,7,38,2,1
4,0,2,0,5,12,5,4,0,2,7,38,2,1
4,0,2,0,5,12,5,3,0,2,7,38,2,1
4,0,2,0,6,12,5,4,0,2,6,38,2,1
4,0,2,0,6,13,5,4,0,2,6,38,2,1
4,0,1,0,6,13,5,4,0,2,6,38,2,1
4,0,0,0,6,13,5,4,0,2,6,38,2,1
4,0,0,0,5,13,5,4,0,2,6,38,2,1
5,0,0,0,5,13,5,4,0,2,6,38,2,1
4,0,0,0,6,12,5,4,0,2,6,38,2,1
4,0,0,0,6,12,5,3,0,2,6,38,2,1
4,0,0,0,5,12,5,3,0,2,6,38,2,1
4,0,0,0,5,12,5,3,0,2,6,38,1,1
4,0,0,0,5,12,5,4,0,2,6,38,1,1
4,0,0,0,5,13,5,4,0,2,6,38,1,1
4,0,0,0,6,13,5,4,0,2,6,38,1,1
4,0,0,0,6,13,5,4,0,2,6,39,1,1
4,0,0,0,6,13,5,3,0,2,6,39,1,1
4,0,0,0,6,12,5,3,0,2,6,39,1,1
4,0,0,0,6,12,5,3,0,2,6,38,1,1
4,0,0,0,6,12,5,3,0,2,6,38,0,1
4,0,0,0,5,12,5,3,0,2,6,38,0,1
5,0,0,0,5,12,5,3,0,2,6,38,0,1
5,0,0,0,5,12,5,3,0,2,6,39,0,1
5,0,0,0,6,12,5,3,0,2,6,38,0,1
5,0,0,0,6,12,5,3,0,2,6,39,0,1
6,0,0,0,6,12,5,3,0,2,6,39,0,1
6,0,0,0,6,12,5,3,0,2,6,39,1,1
6,0,0,0,6,13,5,3,0,2,6,39,1,1
6,0,0,0,6,13,5,4,0,2,6,39,1,1
6,1,1,0,5,13,5,4,0,3,4,41,0,1
6,1,1,0,5,13,5,3,0,3,4,41,0,1
6,1,1,0,5,13,5,3,0,3,5,41,0,1
6,1,1,0,5,13,5,3,0,3,5,42,0,1
6,1,1,0,5,12,5,3,0,3,5,42,0,1
5,1,1,0,5,12,5,3,0,3,5,42,0,1
5,1,1,0,5,13,5,3,0,3,5,42,0,1
5,1,1,0,5,12,5,4,0,3,5,42,0,1
5,1,1,0,6,12,5,4,0,3,5,42,0,1
5,1,1,0,6,12,5,4,0,3,5,43,0,1
6,1,1,0,6,12,5,4,0,3,5,43,0,1
7,1,1,0,6,12,5,4,0,3,5,43,0,1
7,1,1,0,6,13,5,4,0,3,5,43,0,1
7,2,1,0,6,13,5,4,0,3,5,43,0,1
7,2,1,0,6,12,5,4,0,3,5,43,0,1
7,2,1,0,6,12,5,4,0,3,5,42,0,1
7,2,1,0,6,13,5,4,0,3,5,42,0,1
7,2,1,0,6,13,5,3,0,3,5,42,0,1
8,2,1,0,6,13,5,3,0,3,5,42,0,1
8,2,1,0,6,12,5,3,0,3,5,42,0,1
8,2,0,0,6,12,5,3,0,3,5,42,0,1
8,3,0,0,6,12,5,3,0,3,5,42,0,1
8,3,0,0,6,12,5,3,0,2,5,42,0,1
7,3,0,0,6,12,5,3,0,2,5,42,0,1
7,3,0,0,5,12,5,3,0,2,5,42,0,1
7,3,0,0,5,13,5,3,0,2,5,42,0,1
7,3,0,0,5,13,5,4,0,2,5,42,0,1
7,3,0,0,6,13,5,4,0,2,5,42,0,1
8,3,0,0,6,13,5,4,0,2,5,42,0,1
8,3,0,0,6,13,5,3,0,2,5,42,0,1
8,3,0,0,6,13,5,3,0,3,5,42,0,1
8,4,0,0,6,13,5,3,0,3,5,42,0,1
9,4,0,0,6,13,5,3,0,3,5,42,0,1
9,4,0,0,6,13,5,4,0,3,5,42,0,1
8,4,0,0,6,13,5,4,0,3,5,42,0,1
8,4,0,0,6,12,5,4,0,3,5,42,0,1
8,4,0,0,6,12,5,3,0,3,5,42,0,1
8,4,0,0,6,12,5,4,0,3,4,42,0,1
8,4,0,0,6,12,5,4,0,3,4,43,0,1
8,4,0,0,6,12,5,4,0,3,4,43,1,1
8,4,0,0,6,12,5,4,0,3,4,44,1,1
8,4,0,0,6,12,5,4,0,3,4,44,2,1
8,4,0,0,6,13,5,4,0,3,4,44,2,1
8,4,0,0,6,13,5,4,0,3,4,43,2,1
8,4,0,0,5,13,5,4,0,3,4,43,2,1
8,4,0,0,5,12,5,4,0,3,4,43,2,1
8,4,0,0,6,12,5,4,0,3,4,43,2,1
8,4,0,0,6,12,5,3,0,3,4,43,2,1
7,4,0,0,6,12,5,4,0,3,4,43,2,1
7,4,0,0,6,13,5,4,0,3,4,43,2,1
7,4,0,0,5,12,5,4,0,3,4,43,2,1
9,4,0,0,6,12,5,3,0,3,4,43,2,1
9,4,0,0,6,13,5,3,0,3,4,43,2,1
8,4,0,0,6,13,5,3,0,3,4,43,2,1
8,4,0,0,5,13,5,3,0,3,4,43,2,1
8,4,0,0,5,12,5,3,0,3,4,43,2,1
8,4,0,0,6,12,5,4,0,2,4,43,2,1
8,4,0,0,6,12,5,4,0,2,4,43,1,1
8,4,0,0,6,13,5,4,0,2,4,43,1,1
7,4,0,0,6,13,5,4,0,2,4,43,1,1
7,4,0,0,6,13,5,3,0,2,4,43,1,1
7,4,0,0,6,13,5,3,0,2,4,44,1,1
7,4,0,0,6,12,5,3,0,2,4,44,1,1
6,4,0,0,6,12,5,3,0,2,4,44,1,1
6,4,0,0,6,12,5,4,0,2,4,44,1,1
6,4,0,0,6,13,5,4,0,2,4,44,1,1
6,4,0,0,5,13,5,4,0,2,4,44,1,1
6,4,0,0,5,13,5,4,0,2,4,44,0,1
6,4,0,0,5,13,5,4,0,2,3,44,0,1
6,4,0,0,6,13,5,4,0,2,3,44,0,1
6,4,0,0,6,13,5,3,0,2,3,44,0,1
5,4,0,0,5,13,5,4,0,2,3,44,0,1
5,4,0,0,6,13,5,4,0,2,3,44,0,1
6,4,0,0,5,13,5,4,0,2,3,43,0,1
3,0,10,3,0,7,2,0,0,0,0,47,0,1
2,0,17,1,0,8,2,1,0,0,0,50,7,-1
2,0,17,1,0,9,2,1,0,0,0,50,7,-1
2,0,17,1,0,9,2,1,0,0,0,50,6,-1
3,0,17,1,0,9,2,1,0,0,0,50,6,-1
3,0,17,1,0,9,3,1,0,0,0,50,6,-1
2,0,17,1,0,9,3,1,0,0,0,50,6,-1
1,0,17,1,0,9,3,1,0,0,0,50,6,-1
1,0,17,1,0,9,3,2,0,0,0,50,6,-1
1,0,17,1,0,9,3,2,0,0,0,49,6,-1
1,0,17,1,0,10,3,2,0,0,0,49,6,-1
1,0,17,1,0,11,3,2,0,0,0,49,6,-1
1,0,17,1,0,11,3,2,0,0,0,48,6,-1
2,0,16,0,2,9,1,0,0,0,0,35,0,-1
2,0,16,0,2,9,1,0,0,0,0,36,0,-1
2,0,16,0,2,9,2,0,0,0,0,36,0,-1
2,0,16,0,3,9,2,0,0,0,0,36,0,-1
2,0,16,0,3,10,2,0,0,0,0,36,0,-1
2,0,16,0,3,11,2,0,0,0,0,36,0,-1
4,0,8,3,2,0,3,0,0,0,0,43,0,1
4,0,8,3,3,0,3,0,0,0,0,43,0,1
4,0,8,3,4,0,3,0,0,0,0,43,0,1
5,0,8,3,4,0,3,0,0,0,0,43,0,1
5,0,8,3,5,0,3,0,0,0,0,43,0,1
4,0,8,3,5,0,3,0,0,0,0,43,0,1
4,0,8,3,6,0,3,0,0,0,0,43,0,1
4,0,9,3,5,0,3,0,0,0,0,43,0,1
4,0,9,3,5,0,4,0,0,0,0,43,0,1
5,0,9,3,5,0,4,0,0,0,0,43,0,1
5,0,9,3,5,0,4,0,0,0,1,43,0,1
5,0,9,3,5,0,3,0,0,0,1,43,0,1
5,0,9,3,5,0,3,0,0,0,2,43,0,1
5,0,8,3,5,0,3,0,0,0,2,43,0,1
5,0,8,3,5,0,2,0,0,0,2,43,0,1
5,0,8,3,6,0,2,0,0,0,2,43,0,1
5,0,7,3,6,0,2,0,0,0,2,43,0,1
4,0,7,3,6,0,2,0,0,0,2,43,0,1
4,0,7,4,6,0,2,0,0,0,2,43,0,1
5,0,7,4,6,0,2,0,0,0,2,43,0,1
6,0,7,4,6,0,2,0,0,0,2,43,0,1
6,0,7,4,5,0,2,0,0,0,2,43,0,1
6,0,7,4,5,0,1,0,0,0,2,43,0,1
6,0,7,4,6,0,1,0,0,0,2,43,0,1
5,4,10,13,1,5,3,0,0,0,0,45,0,1
4,4,10,13,1,5,3,0,0,0,0,45,0,1
4,4,10,13,1,5,3,0,0,1,0,45,0,1
4,0,12,3,0,7,2,0,0,0,0,48,0,1
4,0,11,3,0,7,2,0,0,0,0,48,0,1
5,0,11,3,0,7,2,0,0,0,0,48,0,1
5,0,11,3,0,7,1,0,0,0,0,48,0,1
4,0,11,3,0,7,1,0,0,0,0,48,0,1
4,0,6,3,0,8,3,0,0,0,0,70,0,1
3,0,6,3,0,8,2,0,0,0,0,70,0,1
3,0,7,3,0,8,2,0,0,0,0,70,0,1
3,0,7,3,0,8,2,0,0,0,0,69,0,1
2,0,7,3,0,8,2,0,0,0,0,69,0,1
4,3,17,1,0,9,2,4,0,0,0,40,0,1
4,3,16,1,0,9,2,4,0,0,0,40,0,1
5,3,16,1,0,9,2,4,0,0,0,40,0,1
5,3,16,1,0,10,2,4,0,0,0,40,0,1
5,3,16,1,0,10,3,4,0,0,0,40,0,1
5,3,16,1,0,10,3,4,0,0,0,41,0,1
5,3,16,1,0,10,3,3,0,0,0,41,0,1
5,3,16,1,0,10,2,3,0,0,0,41,0,1
5,3,16,1,0,10,2,4,0,0,0,41,0,1
4,3,16,1,0,10,2,4,0,0,0,41,0,1
4,3,16,1,0,11,2,4,0,0,0,41,0,1
4,3,16,1,0,11,2,4,0,0,0,40,0,1
4,3,16,1,0,11,2,3,0,0,0,40,0,1
4,3,16,1,0,11,1,3,0,0,0,40,0,1
4,3,15,1,0,11,1,3,0,0,0,40,0,1
4,3,15,1,0,11,1,4,0,0,0,40,0,1
4,3,15,2,0,11,1,4,0,0,0,40,0,1
4,3,15,2,0,11,1,4,0,0,0,41,0,1
4,3,15,2,0,11,2,4,0,0,0,41,0,1
4,3,15,2,0,11,2,3,0,0,0,41,0,1
4,3,14,2,0,11,2,3,0,0,0,41,0,1
4,3,14,2,0,12,2,3,0,0,0,41,0,1
4,3,14,2,0,12,2,3,0,0,0,41,1,1
4,3,14,2,0,12,2,3,0,0,0,40,1,1
4,3,13,2,0,12,2,3,0,0,0,40,1,1
4,3,13,1,0,12,2,3,0,0,0,40,1,1
4,3,13,1,0,12,2,4,0,0,0,40,1,1
4,3,12,1,0,12,2,4,0,0,0,40,1,1
4,3,12,2,0,12,2,4,0,0,0,40,1,1
4,3,12,2,0,13,2,4,0,0,0,40,1,1
4,2,12,2,0,13,2,4,0,0,0,40,1,1
4,2,12,2,0,13,2,3,0,0,0,40,1,1
4,2,11,2,0,13,2,4,0,0,0,40,1,1
4,3,11,2,0,13,2,4,0,0,0,40,1,1
4,3,11,2,0,12,2,4,0,0,0,40,1,1
4,3,11,2,0,13,2,4,0,0,0,41,1,1
4,3,11,2,0,13,2,3,0,0,0,41,1,1
4,3,10,2,0,13,2,3,0,0,0,41,1,1
4,4,10,2,0,13,2,3,0,0,0,41,1,1
4,3,10,1,0,13,2,3,0,0,0,41,1,1
4,3,10,1,0,13,2,4,0,0,0,41,1,1
4,3,10,1,0,13,2,4,0,0,0,41,2,1
4,2,10,1,0,13,2,4,0,0,0,41,2,1
4,2,9,1,0,13,2,4,0,0,0,41,2,1
4,2,9,1,0,13,2,4,0,0,0,41,3,1
4,2,9,1,0,13,2,4,0,0,0,42,3,1
4,2,9,1,0,13,2,4,0,0,0,43,3,1
4,2,9,1,0,13,1,4,0,0,0,43,3,1
4,2,9,1,0,13,1,4,0,0,0,43,2,1
4,2,9,1,0,13,2,4,0,0,0,43,2,1
4,2,9,2,0,13,2,4,0,0,0,43,2,1
4,2,9,2,0,13,3,4,0,0,0,43,2,1
4,2,9,2,0,13,3,4,0,0,0,42,2,1
4,2,9,2,0,13,3,4,0,0,0,41,2,1
4,2,9,2,0,13,3,4,0,0,1,41,2,1
4,2,9,2,0,13,3,3,0,0,1,41,2,1
4,2,9,2,0,12,3,4,0,0,1,41,2,1
4,3,9,2,0,12,3,4,0,0,1,41,2,1
4,2,9,2,0,12,4,4,0,0,1,41,2,1
7,3,1,1,4,10,4,0,0,0,0,18,0,1
7,3,1,1,4,11,4,0,0,0,0,18,0,1
7,3,1,1,5,11,4,0,0,0,0,18,0,1
6,3,1,1,5,11,4,0,0,0,0,18,0,1
7,3,1,1,5,12,4,0,0,0,0,18,0,1
7,3,1,2,5,12,4,0,0,0,0,18,0,1
7,3,1,2,6,12,4,0,0,0,0,18,0,1
7,3,1,2,6,13,4,0,0,0,0,18,0,1
6,3,1,2,6,13,4,0,0,0,0,18,0,1
6,3,1,2,6,13,5,0,0,0,0,18,0,1
6,3,1,2,6,12,5,0,0,0,0,18,0,1
6,3,1,2,6,13,5,0,0,0,1,18,0,1
6,3,1,2,6,12,5,0,0,0,1,18,0,1
6,3,1,2,5,13,5,0,0,0,1,18,0,1
6,3,1,2,5,13,5,0,0,0,1,17,0,1
6,3,1,2,6,13,5,0,0,0,1,17,0,1
6,3,1,2,6,13,5,0,0,0,1,16,0,1
5,3,1,2,6,13,5,0,0,0,1,16,0,1
5,3,1,2,5,13,5,0,0,0,1,16,0,1
5,3,1,2,5,13,5,0,0,0,1,16,1,1
4,3,1,2,5,13,5,0,0,0,1,16,1,1
4,3,1,2,5,13,4,0,0,0,1,16,1,1
4,3,1,2,5,13,4,0,0,0,1,15,1,1
4,2,1,2,5,13,4,0,0,0,1,15,1,1
4,2,1,2,5,13,5,0,0,0,1,15,1,1
3,2,1,2,5,13,5,0,0,0,1,15,1,1
3,2,0,2,5,13,5,0,0,0,1,15,1,1
3,1,0,2,5,13,5,0,0,0,1,15,1,1
2,1,0,2,5,13,5,0,0,0,1,15,1,-1
2,1,0,2,5,12,5,0,0,0,1,15,1,-1
2,1,0,2,5,12,5,0,0,0,1,16,1,-1
3,1,0,2,5,12,5,0,0,0,1,16,1,1
3,1,0,2,5,13,5,0,0,0,1,16,1,1
3,1,0,2,6,13,5,0,0,0,1,16,1,1
2,1,0,2,5,13,5,0,0,0,1,16,1,-1
2,1,0,2,5,12,5,0,0,0,2,16,1,-1
2,1,0,3,5,12,5,0,0,0,2,16,1,-1
4,2,1,3,0,4,2,0,0,0,0,60,0,1
4,1,1,3,0,4,2,0,0,0,0,60,0,1
4,1,1,3,0,4,2,0,0,0,0,59,0,1
6,0,4,0,0,3,2,0,0,0,0,50,0,1
6,0,4,0,0,3,3,0,0,0,0,50,0,1
6,0,3,0,0,3,3,0,0,0,0,50,0,1
3,0,14,3,3,3,5,0,0,0,0,60,0,1
7,3,3,13,4,4,3,0,0,0,0,7,0,1
7,3,3,13,4,4,3,0,0,0,0,8,0,1
6,3,3,13,4,4,3,0,0,0,0,8,0,1
6,3,3,13,5,4,3,0,0,0,0,8,0,1
6,3,3,13,5,5,3,0,0,0,0,8,0,1
6,3,2,13,5,5,3,0,0,0,0,8,0,1
